5994
4569
2212
1425
701
3899
2336
3599
4421
1283
1250
625
1989
1343
1300
1233
4835
3879
1274
627
1085
2557
1733
566
562
557
552
550
1105
388
2967
575
1205
3012
2329
572
573
565
1134
1722
572
8541
2472
735
1691
791
787
1382
2491
1268
1331
2130
1429
1375
1334
655
4637
2021
703
700
718
709
1452
1452
1407
692
4179
2861
1423
4094
1500
3938
2904
1473
2203
7934
9474
693
696
2204
2108
2076
1386
2291
2272
2167
3612
2212
2790
2150
720
2154
6273
1367
4112
678
6072
2819
1445
1444
730
2888
1404
1429
727
2262
732
7141
1551
2958
2144
2766
679
2183
2131
2793
697
6430
1401
689
2095
710
3049
1559
2191
721
2904
1482
1521
738
740
752
2259
2146
5123
757
2896
2859
3599
695
682
2189
2310
3759
2169
1438
1463
1439
1460
5930
2283
3143
1504
743
1453
2291
1520
13493
728
722
2823
2324
755
748
7317
1503
752
2175
1481
5339
779
1474
703
2189
1580
781
1591
1569
3695
1457
717
2867
728
3634
2179
7754
1550
807
3985
2267
12728
1530
5745
778
2275
3162
773
7973
777
754
759
5523
2281
720
5346
813
4610
1475
4536
2885
729
755
3949
1412
2805
2354
7319
4370
701
4201
2732
700
1368
659
653
640
642
634
644
1908
1237
607
600
591
585
2797
1074
792
2027
2433
874
868
1573
683
2696
674
1421
2136
667
1299
1266
2472
601
1785
1197
1842
1281
635
1344
5558
3336
652
3335
1378
1340
653
646
3460
744
5893
706
2306
1603
847
1716
2438
1398
2827
742
3038
3728
739
742
1526
2297
748
1547
5532
1512
3033
790
1644
3188
696
691
2725
670
3769
2405
2114
1272
1278
1290
635
1269
624
614
1201
590
584
579
567
564
558
555
564
563
1828
1444
794
1523
1420
669
658
652
656
652
640
632
629
629
639
1288
640
636
2521
633
631
638
643
646
639
628
626
2599
683
1446
4550
704
688
687
702
726
743
733
750
3048
1481
709
706
728
774
1646
810
817
2425
3963
1623
772
777
2494
1647
2396
2306
3170
2497
817
777
761
2321
790
816
3193
748
1549
828
1601
2278
763
2218
2197
772
763
3811
3251
1660
767
4679
859
832
814
3228
1478
729
736
756
805
1624
2439
767
764
2242
738
2306
782
1563
1518
2145
1358
2004
705
2856
773
1616
1556
762
764
754
2837
2089
1491
1516
3689
743
2985
733
6584
1423
701
707
1395
1389
2671
1275
1238
610
609
4301
4039
696
698
5946
1509
718
732
732
2799
4331
736
743
3920
744
2259
737
2317
9152
1525
749
1528
1553
766
1512
737
1472
726
1474
3895
2236
736
3224
824
5286
765
3967
2340
1510
736
746
768
6609
1429
8147
1506
1441
7354
1404
3626
1464
2799
2866
722
701
700
2792
1352
673
689
1412
747
743
750
1514
739
740
2256
771
1467
1417
1438
2854
680
665
668
2122
789
839
834
1634
781
2266
726
1447
1427
715
723
723
733
758
768
750
742
728
1445
712
2204
767
778
775
780
780
2255
728
714
709
720
729
741
1461
2871
727
2223
1499
738
719
715
729
730
726
718
725
744
762
761
748
736
729
723
715
701
699
700
716
729
740
749
745
746
755
758
748
722
712
710
715
1471
701
714
717
714
702
688
737
728
724
730
742
741
745
739
751
774
791
782
784
773
756
739
746
759
781
794
800
794
795
788
798
797
799
797
777
754
733
732
742
753
761
771
787
801
791
762
733
723
715
708
709
708
1432
722
717
712
713
716
712
714
722
749
740
724
732
754
763
767
761
754
738
725
1427
712
710
710
739
776
808
810
802
795
782
765
746
748
754
760
751
734
726
732
730
735
748
761
769
771
767
750
754
729
707
691
694
710
721
734
744
740
723
711
706
707
723
757
770
781
746
727
726
723
716
710
696
684
677
685
706
727
733
743
748
770
785
774
775
779
765
751
733
706
672
657
659
676
720
756
804
826
838
828
829
806
782
745
735
729
728
728
728
735
774
817
822
813
801
787
788
794
784
771
758
736
716
698
690
689
702
713
717
701
691
686
681
669
665
657
648
643
642
651
666
693
703
713
705
716
718
704
696
688
689
693
691
680
692
729
762
804
809
798
802
805
792
776
771
762
750
739
733
740
754
776
767
748
734
724
707
700
697
698
688
672
663
661
658
662
670
690
717
729
1491
754
761
755
755
740
729
726
711
710
713
737
741
739
732
741
754
767
745
738
735
738
742
725
706
699
704
715
718
707
699
707
724
744
746
730
718
716
706
701
692
694
694
708
720
739
738
724
707
697
695
681
680
690
687
680
676
672
673
695
732
757
791
772
754
728
716
719
711
703
698
690
688
682
682
694
694
689
688
681
673
678
681
682
681
674
665
654
657
661
660
649
641
645
646
651
648
652
659
665
661
661
668
688
694
707
709
722
726
715
712
709
715
729
726
713
698
685
679
686
691
682
678
679
681
688
706
714
722
709
687
661
649
644
649
669
697
730
756
777
776
764
729
701
677
671
667
668
671
679
688
698
707
711
708
701
690
688
671
664
668
670
681
723
727
727
731
742
717
696
688
679
674
675
673
685
681
678
679
669
669
679
685
683
663
649
634
623
616
619
630
645
660
661
677
680
688
691
691
694
686
678
679
681
675
671
669
665
653
661
660
671
684
688
697
714
707
706
708
704
725
713
706
697
687
678
674
681
682
684
694
694
685
679
681
693
694
688
686
690
691
691
697
716
746
742
729
716
701
703
698
682
661
655
654
663
670
659
664
656
633
619
618
621
627
631
638
643
653
655
661
666
684
697
695
697
685
667
667
669
678
675
679
695
705
704
703
713
714
702
686
686
692
693
685
689
697
704
707
714
704
689
698
703
705
719
724
716
702
688
674
670
685
697
709
734
754
784
797
777
765
746
732
722
712
700
689
708
738
749
729
720
726
728
730
724
710
702
698
702
698
702
705
710
714
722
734
749
737
727
721
718
712
701
712
733
759
748
731
730
737
729
707
673
668
684
707
711
725
748
755
743
735
736
739
724
709
710
726
745
765
766
746
732
729
739
746
737
745
744
738
749
764
749
726
727
718
705
702
714
720
718
707
697
692
688
688
690
684
689
689
691
709
711
718
715
703
685
684
691
705
705
711
725
728
730
739
734
728
733
736
725
714
707
692
674
667
670
675
682
694
703
703
698
700
689
680
684
685
676
668
672
679
679
680
680
688
685
675
678
664
655
662
664
650
634
635
642
657
681
690
686
687
678
671
674
676
675
680
677
676
676
688
685
683
688
687
689
688
690
693
690
673
661
655
658
669
669
675
681
678
672
656
640
643
640
632
635
637
645
645
646
641
637
642
648
657
671
688
696
694
695
696
688
684
689
681
682
684
694
693
682
685
688
692
695
688
682
676
670
661
660
652
657
671
671
675
680
678
680
693
699
699
688
677
659
643
633
635
638
645
642
646
669
687
708
715
712
699
688
691
696
697
697
695
700
701
698
689
674
656
653
648
651
659
673
693
708
710
702
729
726
708
675
658
648
650
660
680
704
720
729
749
773
780
773
745
716
702
694
688
672
681
704
731
768
788
769
750
731
722
709
692
690
698
719
760
775
790
811
803
770
751
731
731
729
717
701
700
710
729
731
742
759
749
738
733
726
714
700
694
692
703
717
738
752
742
738
741
740
730
729
740
753
752
743
748
765
774
778
768
751
743
750
763
766
755
750
756
748
740
736
737
742
740
727
728
738
750
766
756
735
722
719
716
723
730
732
729
741
749
750
732
725
734
738
730
719
723
724
722
716
706
713
722
722
721
722
727
729
717
708
705
701
700
694
695
705
707
694
675
676
663
650
659
673
683
688
697
698
707
708
705
689
676
670
667
658
666
685
706
706
720
731
733
737
735
724
720
716
711
706
706
711
715
732
746
746
732
732
728
707
702
703
707
717
724
722
716
693
680
682
684
683
687
684
675
668
664
659
646
636
641
654
672
702
712
720
736
753
720
711
727
733
737
740
748
751
739
739
738
736
721
707
708
719
726
752
802
832
821
812
810
764
729
714
728
743
760
761
740
731
738
740
748
744
727
707
698
701
707
721
737
743
737
736
735
722
718
727
737
741
750
770
784
768
753
741
745
732
715
691
687
690
707
739
774
762
750
749
753
750
753
743
737
736
739
740
739
724
711
714
709
699
703
724
745
757
758
767
771
777
759
734
713
704
709
709
709
708
709
697
689
699
716
743
756
752
746
733
727
723
729
728
719
722
739
752
760
768
776
751
733
725
723
721
701
700
686
677
670
667
671
673
673
675
669
674
688
713
741
756
752
750
741
726
714
714
721
732
728
724
729
732
729
731
718
705
697
684
670
674
692
720
747
787
812
795
775
757
738
725
718
706
698
688
667
661
658
657
669
705
729
735
760
761
762
746
718
697
691
682
673
683
695
709
710
711
696
681
680
686
696
681
673
684
705
714
727
728
720
712
715
716
723
729
735
740
730
719
712
720
729
743
770
793
800
799
799
783
767
759
745
727
708
701
712
737
775
783
806
813
803
775
762
759
764
766
758
767
772
775
777
801
801
788
766
748
729
708
709
723
724
731
746
771
761
761
756
765
767
755
742
722
707
696
692
675
660
669
704
767
814
771
741
718
725
731
725
727
733
730
723
733
751
760
749
743
748
746
733
728
739
749
744
734
739
729
716
715
724
747
769
774
779
773
774
750
727
713
707
705
710
719
728
726
729
735
742
747
736
723
704
696
699
703
700
691
693
699
678
678
694
709
715
723
732
737
737
722
715
731
750
759
737
729
710
697
701
712
723
729
742
747
749
729
711
706
708
702
692
694
708
723
729
730
714
698
690
690
688
685
683
695
710
713
709
699
689
685
690
687
687
703
738
780
795
800
792
743
736
742
755
763
755
735
716
702
692
709
732
745
750
756
744
728
709
697
692
673
659
661
688
743
827
857
846
836
846
840
829
810
782
768
761
748
749
753
768
772
788
809
832
832
802
779
769
767
766
786
777
788
788
809
813
794
783
767
750
746
738
744
742
732
728
744
768
776
782
771
769
773
760
743
736
719
707
708
725
756
764
763
765
778
774
770
765
760
755
746
748
755
745
734
737
751
774
798
803
804
784
777
754
741
731
727
729
749
770
798
800
790
783
780
765
743
727
721
727
741
747
745
747
753
750
732
703
689
685
677
678
680
673
682
695
713
722
738
766
792
809
821
822
813
805
774
754
750
763
792
817
816
791
781
783
801
811
805
790
785
786
788
786
777
756
739
731
747
754
769
780
777
758
741
732
716
703
703
725
753
781
811
811
791
786
778
780
788
790
767
753
738
734
751
778
782
772
777
766
742
743
747
748
729
695
684
676
673
675
685
704
724
739
744
731
729
728
729
727
718
706
708
727
735
732
739
750
747
735
736
741
727
716
710
714
720
725
716
710
718
725
721
708
714
736
757
770
757
736
720
717
707
688
685
681
691
710
735
751
768
769
765
754
740
728
733
734
750
760
786
805
800
803
805
808
797
767
749
742
766
805
799
788
793
796
786
774
770
767
761
764
758
764
766
776
792
801
808
788
783
765
743
742
759
766
771
784
796
786
780
778
777
769
764
747
726
725
736
754
766
771
780
779
784
777
760
745
751
752
754
741
730
731
721
717
730
753
773
788
776
760
739
724
717
707
688
679
676
674
688
701
707
701
693
687
689
693
699
694
684
686
683
678
680
690
718
761
804
854
827
806
762
733
713
688
669
652
638
645
695
801
883
911
890
841
808
756
742
736
735
735
720
706
699
697
699
707
723
734
744
755
740
737
749
767
780
787
771
736
710
707
723
742
762
759
744
732
739
757
752
746
733
714
696
678
666
661
667
669
668
698
772
866
866
833
815
780
749
768
783
795
785
762
747
740
745
760
772
784
768
742
730
721
720
753
782
801
838
826
815
787
745
716
698
689
700
733
799
845
859
841
852
855
847
816
795
778
772
776
759
736
732
758
792
819
834
827
799
785
794
801
808
792
762
743
742
750
760
763
758
751
742
739
730
716
700
703
721
754
798
817
805
787
768
742
733
706
699
691
679
678
669
652
646
646
650
658
660
682
722
764
788
796
769
748
739
729
724
722
723
725
734
740
742
734
721
706
702
711
723
742
737
732
731
734
734
729
726
708
693
690
698
706
714
722
721
717
703
703
704
707
709
709
726
736
744
758
761
769
745
719
716
708
712
724
720
711
719
743
766
753
731
744
766
770
780
798
801
791
774
760
754
739
747
767
795
815
839
809
785
766
751
735
728
740
784
815
845
825
815
800
787
757
744
738
736
740
731
740
776
801
802
795
765
732
713
714
732
757
767
779
794
800
803
793
771
752
724
696
691
705
729
750
755
713
723
730
725
724
721
726
716
712
705
703
683
666
665
680
708
736
744
728
716
710
708
708
713
716
710
705
713
712
700
680
662
659
668
701
729
769
750
720
704
691
685
683
687
680
670
661
663
671
678
684
701
716
732
758
765
753
730
708
691
677
662
651
646
652
665
687
706
729
745
771
788
796
795
770
727
695
670
662
668
681
702
709
696
686
674
669
659
655
653
663
674
681
689
700
699
691
683
673
667
665
661
656
654
651
643
634
635
634
638
637
627
625
620
619
625
628
621
622
634
634
630
621
620
624
621
617
617
627
626
627
632
634
641
639
640
637
627
619
603
594
588
588
595
604
616
628
638
631
636
636
632
634
630
623
627
632
631
623
615
615
617
622
626
633
630
629
622
620
626
632
643
638
639
634
626
623
624
625
626
624
627
628
624
627
636
640
648
651
659
653
646
644
647
650
650
647
640
634
632
637
636
634
626
633
638
647
652
656
654
658
646
643
642
640
640
638
641
646
645
634
632
640
647
653
650
653
659
667
678
686
686
691
693
691
699
696
681
672
684
692
697
699
702
705
709
703
704
715
708
700
709
720
729
736
752
748
733
726
711
700
699
710
716
715
719
730
729
725
729
730
725
731
726
705
701
702
711
734
763
762
758
752
748
753
759
757
739
724
725
721
713
721
731
736
726
707
692
688
682
680
675
659
660
663
673
698
743
773
769
765
761
750
736
721
695
679
676
678
680
711
760
788
816
809
774
755
747
736
733
728
717
703
685
682
691
713
723
752
797
808
818
819
786
753
727
714
712
718
714
710
708
698
688
675
668
663
658
650
651
678
731
795
837
819
804
790
774
745
721
711
722
731
734
730
723
725
720
710
700
699
720
742
771
762
740
732
738
734
730
727
725
725
752
780
793
790
761
739
734
741
762
767
751
721
722
722
728
744
758
743
737
739
739
732
718
701
694
706
723
737
750
752
750
722
696
682
660
662
693
749
829
851
823
823
803
774
735
714
698
702
726
750
763
770
767
769
759
748
727
713
696
682
664
652
650
667
704
752
817
842
852
828
811
761
735
726
714
714
712
707
703
690
692
716
749
786
795
804
801
781
735
718
720
731
733
737
743
739
729
720
729
750
765
761
747
728
710
693
685
674
680
691
727
762
792
798
794
768
749
751
771
777
788
804
805
808
798
785
778
772
757
739
731
745
741
711
715
730
749
770
782
793
790
799
778
756
763
786
780
767
770
786
795
793
792
793
799
781
763
755
758
750
742
724
709
708
717
732
766
775
771
752
725
701
682
671
666
674
690
701
712
717
720
727
716
705
705
707
717
720
713
708
698
694
689
687
673
667
666
673
686
701
711
703
688
682
687
694
701
711
711
699
689
688
694
694
691
688
685
670
654
654
666
687
716
752
774
769
752
728
707
697
688
688
695
708
716
723
730
757
774
799
804
802
787
759
741
723
711
685
689
723
763
809
799
775
752
733
729
731
730
736
740
760
771
785
811
816
818
802
791
768
748
742
760
791
815
831
833
813
812
804
785
780
777
776
771
763
749
715
695
699
735
806
848
862
846
848
835
821
812
800
780
783
776
755
744
757
796
835
817
804
799
801
789
786
780
765
752
730
723
728
741
751
760
751
750
754
752
736
722
720
729
739
738
741
749
762
766
745
733
729
728
727
724
719
711
713
732
752
761
747
740
738
740
744
757
758
759
743
729
721
724
720
726
730
728
722
710
695
689
682
685
708
746
785
803
797
774
757
755
758
757
762
789
788
797
813
788
758
748
747
746
744
740
746
727
715
729
735
740
733
742
753
749
728
711
708
716
715
700
698
716
736
752
760
763
767
760
746
731
719
714
712
717
716
706
711
731
778
833
858
831
777
747
723
704
698
699
713
729
738
742
750
741
731
706
683
672
674
696
742
790
827
806
778
753
743
742
737
735
732
716
705
696
698
699
697
692
681
669
660
660
670
709
744
760
776
789
812
804
802
782
764
743
726
728
723
719
705
703
696
688
678
677
681
695
717
744
746
759
753
732
720
718
723
718
707
701
701
706
708
704
693
690
693
703
711
702
700
697
696
691
689
690
692
693
680
661
646
645
646
642
649
668
675
674
669
670
672
664
656
656
660
659
655
648
651
661
670
671
673
697
705
711
706
700
699
691
677
670
677
688
699
705
697
693
694
690
684
680
687
695
693
697
698
700
694
697
700
695
685
687
698
689
679
680
686
688
693
695
695
688
669
649
646
632
634
644
673
709
749
762
743
718
715
717
726
706
688
692
709
741
761
767
770
747
739
739
732
721
719
715
720
713
706
699
697
699
709
720
729
728
708
683
682
692
711
718
714
709
715
728
741
749
753
752
756
754
765
758
746
729
724
731
744
749
749
744
751
758
763
769
754
748
745
744
745
762
767
755
752
757
765
771
773
752
736
728
729
741
759
769
771
771
775
782
767
748
732
728
731
728
717
710
686
698
718
747
766
777
769
750
735
739
743
754
757
754
753
745
729
735
753
775
797
794
775
770
768
761
772
788
788
778
765
753
748
748
769
785
799
803
798
771
733
715
720
726
739
755
775
794
808
810
815
804
779
765
760
770
774
764
766
773
779
771
775
796
802
806
815
813
797
784
778
775
781
776
761
740
730
739
759
794
801
788
784
784
773
752
736
729
724
695
695
703
720
751
778
786
771
766
767
764
766
750
735
742
750
747
757
774
792
807
790
770
767
772
774
782
768
763
756
757
759
760
745
743
755
762
765
763
774
780
785
787
771
762
768
767
761
764
753
741
748
770
779
773
755
734
710
695
682
677
680
690
703
709
702
696
687
676
681
693
697
713
741
767
786
782
776
777
772
771
765
742
727
730
754
782
799
804
796
779
743
724
721
723
755
780
790
788
781
759
754
749
755
759
759
750
755
765
789
803
816
809
773
755
752
760
795
827
846
842
817
796
787
774
744
723
729
748
765
752
719
716
727
745
764
776
772
770
758
738
725
745
757
787
797
798
786
792
791
768
771
778
787
786
771
754
752
736
709
700
695
704
726
772
824
849
842
826
793
778
777
786
797
810
805
793
777
778
776
756
757
776
795
807
813
800
762
729
737
705
703
713
763
849
909
920
909
873
818
770
735
717
718
731
770
799
793
769
763
766
778
787
793
781
757
731
718
723
742
765
788
779
752
757
772
804
808
823
804
778
747
729
729
717
721
735
761
797
817
823
811
792
776
764
747
725
712
715
747
832
910
931
953
923
906
850
804
772
743
724
719
750
831
937
941
958
924
907
851
810
764
737
732
750
798
835
842
828
819
814
815
827
843
848
795
755
741
735
753
785
814
838
842
840
823
807
780
777
781
795
813
801
771
760
763
782
809
835
855
857
826
808
798
776
757
736
718
695
680
675
667
663
672
720
816
887
921
942
899
893
858
790
759
749
732
717
714
741
800
859
879
866
858
811
771
754
748
767
774
753
748
767
802
850
887
887
871
852
820
794
771
763
764
766
785
798
801
765
734
718
707
710
740
795
843
875
844
836
815
794
778
771
771
779
800
821
832
844
855
848
802
774
762
771
806
823
804
790
786
790
792
775
771
771
783
801
818
829
823
794
784
786
797
825
852
824
821
823
837
836
825
799
792
802
825
803
776
776
782
797
796
803
799
789
774
751
737
730
738
766
792
818
831
825
813
786
769
766
778
791
785
764
743
740
743
757
781
803
816
822
812
800
775
760
754
759
754
749
772
813
834
847
828
805
780
752
730
716
717
737
774
815
817
798
777
743
724
725
730
743
736
740
766
799
802
784
764
757
758
762
766
768
756
750
733
727
731
759
805
855
875
899
906
891
871
842
796
768
751
761
771
787
829
866
885
849
837
813
801
783
764
741
726
717
720
738
764
800
856
866
857
850
829
793
752
736
740
770
802
826
844
835
802
782
775
792
813
824
823
801
771
755
756
783
817
847
832
809
793
797
801
805
796
778
774
786
804
815
804
803
801
801
805
789
767
752
750
767
787
792
800
786
786
793
810
817
796
784
776
791
806
813
807
772
752
748
760
792
813
811
817
815
820
817
797
775
768
772
777
789
791
774
754
748
759
789
810
814
798
798
793
795
792
778
775
788
812
803
764
750
753
771
790
813
828
806
796
789
789
787
778
775
780
791
808
822
821
808
792
777
768
767
740
728
729
712
704
698
700
699
700
696
690
688
690
698
703
709
719
726
730
724
710
714
718
726
721
727
734
735
714
696
701
705
704
710
737
764
785
798
796
781
747
725
723
738
786
842
853
833
806
787
786
800
813
814
804
779
757
748
759
779
778
790
813
827
826
791
765
746
726
712
713
712
712
720
718
715
724
750
786
813
824
809
784
770
767
766
768
753
740
722
718
727
755
810
888
896
890
849
822
791
760
736
715
705
719
771
858
922
904
892
828
763
724
708
707
712
717
715
742
807
873
896
904
866
850
823
793
772
744
733
748
793
825
830
806
773
764
765
764
760
745
721
705
711
724
757
794
823
820
814
808
803
770
747
733
718
707
701
696
702
709
723
739
760
777
774
771
757
748
738
729
741
779
822
879
897
882
858
825
774
743
718
695
695
712
720
742
788
844
814
830
798
767
772
771
775
765
747
740
744
754
756
769
789
815
816
806
794
779
755
733
727
705
705
742
786
820
850
836
806
786
775
777
771
753
724
717
712
722
731
740
771
829
882
878
866
847
822
791
757
748
768
818
890
874
851
836
820
796
770
759
746
735
728
727
749
768
767
784
816
861
858
840
808
773
761
754
763
774
795
804
792
796
803
808
830
839
825
812
809
805
780
763
753
746
750
746
743
766
770
794
801
790
771
789
793
785
774
785
788
783
789
779
768
787
824
823
810
773
757
745
743
751
751
765
776
772
779
778
778
781
781
774
759
740
731
733
740
734
730
733
739
749
753
748
732
712
696
681
670
673
672
697
731
757
768
746
722
714
715
721
726
746
760
777
786
772
752
739
741
747
746
746
749
756
738
723
713
717
733
753
769
773
774
770
753
742
729
707
690
686
692
722
770
811
811
812
793
782
772
776
765
768
751
742
731
730
727
723
721
723
733
742
750
746
732
732
736
750
762
757
758
770
781
792
792
764
739
732
733
733
727
714
707
708
723
758
796
838
860
855
857
833
807
782
762
760
760
745
746
773
805
833
821
802
776
759
746
744
753
756
755
755
752
745
735
736
748
751
747
737
747
772
785
781
754
746
741
744
756
771
771
782
790
787
767
771
775
772
777
777
786
782
767
762
775
798
787
772
784
798
789
768
749
744
735
732
728
730
728
721
712
704
696
680
687
704
714
725
741
767
778
774
749
735
735
738
749
759
774
783
763
753
750
736
727
733
754
778
798
795
773
758
747
744
745
751
762
754
752
754
753
757
772
770
745
739
741
750
744
734
737
745
754
759
764
764
760
757
746
745
756
747
723
726
730
755
779
799
813
809
792
783
766
764
763
767
763
771
779
759
729
738
737
733
732
743
736
725
719
726
749
777
787
799
803
795
790
791
779
767
756
747
741
754
785
813
811
779
760
758
772
786
806
794
775
760
758
746
734
721
717
724
743
754
757
762
760
770
763
762
754
768
782
770
769
771
765
737
721
717
713
729
749
770
771
758
728
705
697
688
670
667
681
705
746
787
806
811
808
813
814
790
768
755
744
744
745
723
706
700
709
731
767
786
771
743
722
706
701
711
719
732
748
756
756
731
705
694
684
686
690
698
690
681
671
664
671
682
695
707
710
705
699
692
684
679
674
674
666
664
663
658
652
646
642
636
630
628
628
624
612
603
600
599
594
598
595
597
604
612
628
637
634
623
621
626
623
616
612
615
616
608
610
616
624
626
618
620
630
629
623
613
609
604
598
589
582
580
579
585
595
603
604
613
627
624
627
627
627
620
617
618
623
621
615
612
612
613
610
615
620
626
639
654
655
657
660
658
652
647
640
631
630
636
637
642
643
643
652
665
670
671
672
676
683
678
666
652
652
658
667
676
681
693
702
708
705
692
692
698
708
720
732
729
735
720
705
701
697
694
688
676
668
668
669
685
709
720
714
726
735
761
771
767
751
747
753
754
765
773
763
745
728
700
689
701
731
766
788
796
778
760
746
734
723
727
750
763
778
793
791
766
739
727
729
752
785
801
793
788
795
787
764
743
737
750
770
775
773
778
777
775
753
718
691
693
703
723
719
711
711
718
717
712
697
683
685
696
726
755
764
760
746
739
742
741
754
771
776
797
813
813
819
799
785
758
738
719
706
701
715
740
763
775
798
817
810
797
799
801
801
795
771
755
761
761
790
812
805
793
791
791
803
804
800
805
799
761
737
740
762
734
737
758
751
757
774
771
770
768
753
743
742
758
779
792
800
791
773
763
767
781
797
790
778
784
786
784
791
789
777
768
770
776
771
761
751
733
712
708
722
752
776
807
819
823
821
805
786
766
762
772
797
818
847
842
836
813
777
766
767
776
792
810
815
788
769
765
774
774
771
753
738
729
728
726
727
731
729
739
761
788
805
800
797
778
749
744
747
750
756
761
775
756
746
733
708
709
722
725
725
728
731
738
729
731
739
745
727
714
722
735
748
770
779
783
777
768
751
728
710
718
736
776
798
804
806
813
814
811
805
792
771
745
742
746
756
767
775
773
773
758
745
754
760
775
780
768
752
748
755
764
769
761
748
735
728
727
735
749
758
765
780
795
801
799
783
750
733
730
736
749
752
749
735
734
725
712
703
709
732
755
764
774
771
763
755
768
773
771
763
765
774
781
783
773
761
745
723
708
705
690
688
704
722
735
750
759
761
744
730
726
723
714
702
712
740
772
791
803
800
790
784
773
748
721
719
703
688
677
675
687
712
737
766
797
834
822
826
814
782
747
737
745
764
782
805
830
816
822
812
806
803
808
818
827
820
803
794
789
775
759
755
771
791
791
780
770
773
781
787
773
737
732
734
728
716
726
737
755
766
785
800
796
793
771
758
751
747
755
758
755
769
790
806
830
812
802
797
797
795
803
798
778
758
753
752
781
800
792
770
772
785
790
777
772
764
748
735
710
694
691
700
728
752
760
769
769
767
747
737
734
729
729
726
745
771
791
773
763
744
740
736
735
729
718
705
695
687
675
666
665
661
655
663
684
741
798
822
813
786
762
735
716
710
704
705
719
727
738
729
715
720
738
762
772
765
751
729
707
699
711
739
782
826
847
838
825
824
798
785
786
782
744
731
741
754
753
764
791
840
844
844
812
783
754
743
751
791
837
803
815
809
792
773
747
737
720
708
707
720
746
792
830
833
810
824
824
812
788
753
736
735
733
745
744
723
707
710
727
748
764
775
777
772
748
722
714
706
705
711
727
772
804
821
835
833
838
831
786
746
722
717
722
746
765
787
804
811
812
823
812
791
767
732
706
699
698
710
754
807
851
839
795
803
792
785
770
757
761
758
752
751
775
807
826
815
800
776
761
755
763
752
753
755
767
771
771
781
798
814
797
788
773
766
748
731
737
760
771
785
817
844
829
805
787
778
759
755
751
748
746
747
754
754
756
759
765
767
767
751
730
729
729
752
790
817
819
811
790
782
772
767
761
741
742
757
783
801
818
813
798
770
753
743
725
712
711
729
740
759
782
782
770
761
750
738
729
729
744
795
857
878
836
839
822
824
843
819
782
757
745
727
708
704
722
745
747
754
764
755
761
759
762
766
766
767
772
764
744
726
741
788
855
864
870
897
879
854
789
751
724
695
683
669
669
660
660
676
694
709
722
734
731
722
703
688
679
670
656
655
644
636
631
626
632
650
669
689
714
715
706
693
686
675
402
271
670
668
654
655
637
625
610
598
589
578
568
565
559
557
555
559
557
561
567
574
614
673
679
688
725
764
756
706
679
662
643
627
614
610
615
619
618
617
619
620
624
624
620
609
609
611
616
627
661
701
719
714
705
707
693
676
664
646
634
625
619
614
615
620
619
616
626
631
630
632
640
642
636
635
639
637
641
640
633
630
628
623
621
614
609
615
625
628
630
632
640
634
634
632
635
635
668
656
666
672
676
677
661
663
628
619
619
623
614
592
588
592
591
589
590
606
625
620
616
622
625
693
690
687
670
662
659
662
651
649
655
656
649
653
664
661
664
666
667
658
653
655
649
650
654
649
645
642
647
646
647
656
671
679
671
675
695
708
711
709
712
689
662
649
638
629
620
608
601
603
604
606
621
639
646
658
685
703
696
680
674
671
665
651
641
644
653
659
660
672
690
690
679
671
659
653
642
634
625
628
643
659
660
656
668
688
686
678
687
691
686
684
684
702
714
723
747
779
811
791
788
779
741
718
702
688
678
668
667
671
668
668
665
664
665
677
676
682
683
675
671
672
677
675
672
677
675
672
674
678
678
672
665
652
651
648
642
627
623
619
622
625
619
630
647
662
670
691
712
709
699
694
698
707
704
691
707
714
709
697
693
671
666
651
646
640
646
662
677
686
692
702
697
705
716
733
750
774
774
725
704
697
680
669
671
685
672
670
687
718
721
741
734
736
738
730
724
721
718
705
691
688
688
676
665
673
693
711
720
729
741
756
749
737
726
704
685
675
672
685
672
668
673
687
683
718
746
731
738
722
708
693
688
701
726
740
757
757
784
839
860
854
789
735
716
704
702
706
690
687
695
705
725
756
762
764
738
723
708
684
696
688
482
872
667
666
652
643
636
626
617
608
604
596
594
591
592
589
587
595
606
619
632
649
686
708
691
664
654
651
644
642
648
648
643
633
633
634
625
622
622
628
628
629
639
640
645
653
652
648
651
646
634
632
637
640
640
648
673
688
702
732
761
749
731
728
708
690
685
678
669
675
697
719
717
719
752
774
763
729
714
695
685
675
674
670
688
710
736
757
748
736
730
745
740
729
734
729
724
735
778
813
834
816
809
782
766
755
750
747
746
763
790
799
799
797
802
780
765
760
760
750
754
784
809
791
779
779
761
734
729
731
709
691
692
705
741
784
790
760
750
731
728
721
721
712
714
729
733
733
754
771
777
776
769
767
745
728
725
724
724
738
779
804
802
809
808
784
760
743
736
723
719
741
769
788
785
793
797
805
786
751
731
734
734
728
736
743
745
751
767
776
764
746
741
733
737
754
771
782
801
786
775
772
762
755
752
781
812
796
775
768
780
798
786
767
749
732
721
720
716
711
721
758
815
858
870
850
814
789
753
736
731
722
748
816
865
884
831
815
804
813
809
793
773
767
765
779
791
779
792
812
833
820
808
786
766
762
755
748
741
736
727
744
778
788
771
771
763
751
735
743
745
756
747
738
753
753
755
766
766
751
726
718
721
719
739
756
765
755
740
720
707
708
729
767
813
836
853
852
839
802
781
770
766
766
773
784
784
783
787
779
776
766
757
739
734
738
738
761
793
772
738
738
726
722
710
700
696
703
708
710
720
715
716
726
720
705
698
696
702
703
701
698
702
717
727
743
743
750
742
726
709
698
692
687
688
702
727
736
752
773
755
742
738
710
701
702
702
695
700
713
730
726
710
702
703
704
694
683
671
666
665
656
651
650
646
643
658
662
657
654
651
651
664
666
660
662
660
654
655
650
644
645
647
654
658
661
663
658
657
664
657
653
657
663
665
666
661
663
662
653
652
656
661
665
668
677
687
691
699
713
721
721
730
735
729
727
730
723
733
749
742
737
738
734
726
734
738
736
743
759
763
749
747
755
755
745
741
749
750
729
719
717
717
721
732
744
741
741
756
751
743
749
767
768
771
786
773
775
756
748
744
744
741
748
766
768
770
772
757
754
759
743
733
736
745
747
762
785
801
807
797
799
786
763
758
765
787
776
776
780
784
778
770
750
750
758
767
777
771
766
773
781
772
752
750
759
765
766
762
757
762
759
763
751
759
771
771
774
770
760
756
742
712
707
715
711
726
742
763
781
767
754
752
749
762
759
764
771
767
778
801
803
797
798
783
773
764
768
756
761
769
768
775
798
813
805
801
800
793
766
753
755
765
777
769
762
754
766
775
770
767
779
773
767
760
762
762
762
758
763
783
787
793
791
802
821
842
822
819
821
809
799
758
741
742
762
778
813
821
801
790
787
786
803
809
810
804
793
772
755
751
766
792
815
795
799
813
834
848
810
784
769
768
766
756
741
726
724
729
738
732
726
719
721
719
714
719
738
752
749
753
770
784
770
752
756
739
727
708
690
687
689
691
706
727
740
768
809
825
845
849
829
811
795
776
771
790
812
829
811
780
777
792
807
807
792
793
780
779
783
787
796
782
771
771
771
775
771
760
766
778
805
813
793
759
750
747
754
758
757
748
737
741
758
784
796
786
765
757
745
733
726
713
696
702
718
729
740
731
721
708
708
718
731
745
764
768
771
761
750
736
730
733
734
740
749
749
739
727
721
722
729
744
757
764
768
791
829
846
821
818
807
800
797
789
790
772
758
755
767
798
834
812
807
784
763
764
770
755
746
740
739
730
733
730
722
710
698
693
698
712
729
734
722
718
734
760
798
797
787
768
750
723
708
695
679
676
701
762
820
803
779
807
804
803
790
774
766
760
739
722
716
720
751
792
800
801
777
765
754
737
722
722
746
786
817
817
818
820
829
830
824
808
781
754
735
729
729
725
730
761
790
791
800
771
737
720
709
708
717
739
762
775
773
771
745
726
709
688
674
681
705
761
795
776
732
705
694
684
685
694
704
718
722
713
703
689
674
665
663
667
680
693
697
695
688
676
671
671
674
694
718
735
740
739
729
723
734
750
761
771
762
745
744
755
771
771
774
781
772
766
766
777
783
775
771
779
779
760
763
767
775
787
803
784
766
767
765
759
741
725
713
706
701
697
719
813
892
926
924
893
858
826
798
784
771
772
762
761
772
810
796
778
799
824
814
783
778
775
780
768
774
795
810
824
822
801
770
745
732
711
708
704
710
711
749
824
880
918
901
841
834
808
787
786
796
790
772
747
727
704
698
696
692
688
704
772
861
913
874
829
801
772
745
724
709
708
719
720
747
786
808
817
801
762
736
718
703
685
674
681
698
719
756
806
855
844
795
784
771
768
755
733
725
724
735
748
738
721
720
729
749
761
759
757
749
734
727
725
733
735
739
755
792
817
818
815
786
753
734
731
748
774
771
773
782
780
805
825
835
838
810
791
786
784
782
771
751
749
755
782
791
812
798
801
803
776
758
756
758
769
762
773
787
799
808
809
811
801
787
753
725
724
741
774
799
803
808
795
768
752
747
759
770
764
761
763
759
762
749
732
738
756
775
784
764
758
750
740
743
742
751
758
750
756
760
759
755
752
751
745
751
768
774
764
766
751
737
735
742
728
711
714
729
735
733
714
688
670
659
650
645
647
666
705
756
774
773
780
783
760
729
707
700
702
703
695
690
689
694
702
700
697
703
721
714
713
701
686
669
661
654
645
639
646
670
687
688
684
688
697
709
708
704
692
674
655
636
625
619
613
609
608
604
604
607
617
620
612
609
611
612
619
621
617
615
617
620
615
610
609
605
603
601
593
586
580
576
576
577
579
579
572
573
576
576
572
574
577
575
576
579
579
576
576
579
580
580
574
569
567
567
570
570
567
567
570
572
574
576
572
575
581
581
581
582
587
588
592
596
598
612
621
618
618
629
632
626
621
621
627
635
632
626
621
618
609
605
605
615
622
624
631
642
654
654
651
650
645
634
623
620
621
623
621
623
634
642
646
657
667
663
653
650
650
650
650
647
642
632
629
630
636
641
644
657
671
670
645
636
641
646
646
650
653
663
663
666
663
659
656
662
669
673
662
657
662
677
696
714
721
715
705
681
664
664
676
710
752
783
796
793
763
742
735
733
734
735
739
743
743
748
762
759
744
739
740
747
742
734
726
725
727
735
734
747
766
772
764
748
737
726
706
697
710
725
742
756
757
748
725
704
694
696
703
708
725
740
747
732
732
733
738
734
724
708
690
674
660
663
683
691
699
732
783
822
835
808
783
765
747
740
739
757
771
774
753
730
709
699
701
713
736
746
737
693
688
697
722
751
774
769
762
730
725
729
736
752
767
769
774
794
791
785
764
744
729
739
768
804
833
819
775
758
742
742
745
742
750
743
727
727
716
712
712
708
721
722
727
748
779
791
781
752
733
718
714
707
715
740
751
746
757
764
742
724
703
688
685
683
688
687
694
712
721
728
752
755
741
721
703
697
690
682
683
682
709
741
755
755
751
725
707
710
707
697
694
699
709
701
692
690
694
707
711
715
715
708
689
686
688
707
729
750
738
702
696
706
707
699
690
693
693
689
691
690
691
695
684
696
719
743
775
789
779
779
766
758
741
729
715
700
701
723
751
767
762
740
721
712
705
693
690
703
751
822
848
843
833
803
751
733
722
711
714
705
688
693
696
705
706
707
713
744
776
840
854
833
807
763
731
725
725
731
731
741
751
767
769
765
762
754
788
838
896
857
814
798
789
795
804
801
787
760
739
741
757
806
846
830
841
824
831
828
818
792
776
754
727
703
689
673
675
705
766
830
867
854
815
796
769
752
743
734
734
746
769
788
780
753
735
725
716
710
711
700
697
710
743
813
873
891
870
830
799
764
730
727
749
815
895
915
858
825
807
806
805
801
779
748
716
699
705
728
740
730
751
789
832
830
787
742
731
728
720
703
695
700
719
746
756
763
783
800
801
796
775
751
737
736
755
763
747
767
824
907
952
938
918
858
809
759
730
715
731
792
911
1010
987
970
921
856
814
787
761
737
729
745
776
809
826
836
844
843
830
817
784
758
755
776
815
854
865
876
843
802
779
773
776
815
845
832
824
794
769
765
780
812
866
878
880
827
803
789
790
813
852
888
887
845
832
823
815
818
797
759
742
746
779
823
852
864
855
816
793
784
780
783
782
776
748
737
728
721
714
697
715
736
741
756
780
800
799
793
769
742
729
728
745
773
758
753
762
789
811
795
765
737
720
712
712
721
728
736
747
777
802
819
814
807
802
788
777
751
727
705
701
728
773
815
822
801
791
765
742
731
739
744
729
719
723
736
755
763
769
753
734
736
741
755
748
750
754
754
766
782
792
779
777
769
758
757
771
778
803
803
796
821
837
855
828
813
789
753
733
718
715
734
779
821
848
824
823
817
813
801
788
756
742
746
772
816
836
830
803
762
744
744
763
808
854
873
835
820
776
754
741
743
752
765
763
760
766
769
767
772
779
771
762
765
764
757
736
721
703
699
700
719
756
814
841
816
793
790
785
796
794
788
753
732
734
748
784
836
834
812
802
793
779
755
744
756
784
798
815
819
802
784
779
779
777
769
749
738
731
739
766
817
861
845
814
815
800
785
781
779
784
807
806
816
805
798
792
779
756
731
711
715
742
771
790
801
808
787
775
778
802
798
783
777
781
793
804
809
808
809
802
800
798
789
767
764
781
821
848
831
823
809
777
764
745
732
730
746
779
814
804
783
775
773
774
788
775
766
775
780
771
741
726
725
726
744
763
772
777
776
778
770
764
753
748
737
723
708
690
704
735
774
840
845
813
781
766
759
757
758
742
730
715
697
683
682
695
738
756
771
796
813
811
770
763
760
750
732
722
729
731
729
733
746
758
765
767
744
723
705
691
686
708
738
758
771
768
728
715
711
700
699
707
728
737
724
718
707
699
694
688
683
681
679
678
673
670
682
677
673
671
668
666
669
669
668
670
666
662
660
659
657
648
643
638
631
630
635
655
668
689
694
702
702
690
683
684
692
694
694
698
699
690
685
681
690
694
689
698
698
707
708
698
703
704
701
699
691
697
699
708
705
697
705
711
705
707
714
708
702
702
694
700
703
704
707
724
751
772
775
807
814
811
796
778
771
772
753
715
700
698
704
729
766
797
796
798
808
812
812
803
804
800
804
802
818
834
811
803
796
775
771
774
788
799
797
788
795
807
804
778
775
784
791
785
778
788
794
803
799
801
799
789
769
756
763
787
809
800
801
806
816
798
788
787
794
806
813
805
771
745
740
750
769
769
763
778
781
780
771
768
764
754
749
742
739
727
722
728
744
770
779
762
755
751
751
760
765
761
759
767
781
780
771
776
771
779
795
821
791
784
763
759
763
761
767
774
766
781
811
847
813
827
822
805
789
782
765
762
766
769
783
796
801
787
784
789
774
759
759
765
760
748
754
762
760
756
757
766
758
749
752
767
771
769
759
736
708
704
708
713
716
716
709
706
707
705
715
722
725
729
734
743
748
739
736
747
754
762
751
737
739
743
747
745
754
754
746
751
760
746
722
711
708
711
724
743
767
783
800
799
797
798
791
785
764
755
766
792
821
848
856
857
793
754
741
731
718
713
727
763
827
882
891
854
814
786
770
771
784
788
780
767
760
768
788
815
825
814
773
754
755
775
820
834
810
787
777
789
815
840
828
811
817
835
835
828
792
782
779
787
772
752
764
778
815
848
885
896
873
849
815
768
741
734
751
828
891
888
883
865
853
828
818
820
821
828
847
846
821
795
764
765
787
850
917
939
948
924
867
832
802
799
792
821
853
896
917
916
869
858
829
800
765
739
726
728
747
777
798
790
763
760
764
769
777
773
771
763
758
749
728
723
737
772
821
853
886
849
817
778
761
759
767
755
733
708
691
682
687
713
764
822
852
857
814
801
790
790
799
809
822
826
797
780
777
798
831
853
853
821
776
755
744
753
775
818
845
839
812
797
789
796
801
813
802
798
810
816
832
823
793
782
754
736
744
731
738
760
796
827
844
836
816
782
763
753
754
773
782
790
795
779
754
736
745
791
883
924
913
861
832
806
795
796
782
753
735
734
769
808
827
792
779
783
789
781
758
734
721
717
722
743
779
801
812
815
795
775
768
773
788
806
835
855
842
806
796
796
814
840
850
838
825
819
802
791
786
788
803
815
809
800
792
803
818
813
813
826
841
832
814
814
813
798
774
769
787
789
773
778
797
819
832
826
791
773
769
769
769
772
781
797
824
845
840
809
785
771
771
789
788
779
783
804
837
835
829
790
759
749
751
776
813
827
817
831
838
839
825
801
790
787
792
792
785
794
782
765
757
771
746
741
741
751
727
717
716
716
720
729
741
750
759
767
780
782
772
771
774
792
809
828
839
841
820
780
755
756
777
813
843
841
811
793
780
785
793
789
777
762
771
805
839
859
837
804
790
784
789
794
791
793
794
783
774
774
775
750
751
782
791
805
809
814
810
803
777
752
735
727
725
730
714
713
717
722
731
738
756
747
743
729
729
736
774
766
736
711
704
705
704
706
723
757
781
777
771
755
746
736
726
733
753
792
814
816
806
796
780
768
750
729
721
707
693
704
729
763
782
792
785
776
766
771
791
805
813
813
780
775
774
779
788
780
758
754
771
787
799
793
768
748
724
713
708
699
696
710
739
795
828
829
807
776
769
762
777
800
813
817
803
781
775
771
771
777
778
772
761
782
777
776
770
751
733
720
701
687
677
681
688
702
711
706
700
692
693
698
715
729
737
755
795
813
813
813
824
814
780
767
770
774
784
780
761
750
730
707
696
691
678
681
704
733
738
735
747
762
772
771
750
731
731
746
774
779
783
792
803
814
804
787
777
783
792
816
800
783
774
788
813
848
841
844
814
781
772
769
774
771
759
769
810
830
813
817
813
792
775
770
769
756
755
758
761
770
767
771
779
790
785
776
776
771
752
729
724
725
741
765
773
787
808
813
799
762
742
731
725
702
698
713
738
740
751
767
777
787
782
750
725
715
715
723
736
748
758
760
751
759
770
784
788
790
782
772
750
729
720
730
776
840
828
804
827
859
850
823
813
805
804
793
778
777
783
799
796
786
775
766
761
771
778
777
777
772
763
751
749
749
756
764
770
782
788
798
789
776
774
773
762
757
755
764
770
777
788
773
775
781
778
771
752
742
749
752
759
774
777
773
782
787
791
769
760
744
722
708
705
720
725
727
740
750
764
772
752
747
742
738
720
713
726
740
765
758
739
722
720
724
711
687
677
671
689
729
789
818
796
777
771
755
756
747
743
751
756
755
739
744
764
783
772
760
756
749
720
691
674
661
665
680
707
714
723
722
721
716
706
699
680
664
654
652
656
667
682
687
686
670
652
641
638
640
651
664
662
664
682
701
704
690
673
662
660
665
673
670
664
660
667
671
667
659
653
647
652
649
647
647
647
640
635
636
631
626
625
622
620
623
622
628
628
626
627
625
623
633
645
650
650
650
651
647
653
661
661
658
659
660
656
653
645
633
634
638
635
625
622
629
641
652
656
671
686
692
686
677
677
687
699
712
725
744
750
758
763
754
750
744
738
732
722
712
717
718
724
741
755
759
766
768
751
743
726
719
716
713
701
697
707
725
738
747
739
726
723
728
722
721
730
749
757
745
745
755
744
738
741
757
765
773
787
795
806
806
795
802
802
802
785
761
773
804
816
828
854
846
833
818
815
806
778
761
768
799
838
853
837
839
836
833
827
805
798
807
834
820
815
827
841
842
849
857
833
808
795
791
812
829
810
795
800
818
823
813
797
802
801
809
826
820
810
809
811
819
812
816
813
820
807
823
839
852
836
815
810
797
792
774
749
767
784
794
754
730
732
741
753
770
778
760
749
746
756
749
743
744
754
760
767
767
753
727
721
728
755
784
822
856
835
813
796
787
773
757
763
774
790
803
781
756
756
757
774
794
797
778
768
758
751
746
758
779
783
784
779
771
776
773
767
767
759
754
762
771
775
764
756
768
774
771
774
780
771
774
785
799
790
792
771
755
746
755
758
756
756
771
780
759
742
734
739
747
749
741
731
733
741
748
746
742
737
737
745
761
763
759
764
765
761
761
753
761
764
768
764
763
769
765
751
751
752
750
745
746
746
734
735
755
766
777
791
787
771
772
778
777
761
750
743
746
738
736
746
767
782
781
764
751
751
760
768
783
770
751
746
754
775
803
808
792
780
769
761
748
742
746
766
775
787
804
797
797
786
772
761
750
736
707
699
697
706
728
753
767
753
763
775
792
802
788
771
769
757
748
766
782
777
799
813
799
792
777
766
764
774
783
775
776
778
789
798
783
773
759
757
754
721
705
702
714
731
731
726
713
698
693
686
677
670
669
671
678
688
703
703
707
708
716
722
733
753
771
784
796
800
798
797
764
743
753
801
825
811
778
746
729
711
699
684
679
676
681
698
731
755
757
755
746
732
718
702
690
678
669
675
692
724
723
750
771
752
747
753
744
738
732
715
708
701
699
696
692
680
679
702
718
697
715
762
786
802
806
807
795
783
782
768
749
736
732
732
752
792
811
809
803
774
750
740
730
727
729
729
718
733
746
758
774
772
757
742
736
736
732
734
726
725
724
726
726
738
739
742
752
781
800
804
802
783
759
736
712
688
673
658
654
652
650
641
650
677
728
787
835
879
895
914
907
849
797
774
752
738
728
731
749
794
825
836
836
828
813
787
773
768
764
749
754
729
714
717
746
792
830
860
867
848
846
834
827
820
814
813
777
782
835
822
822
840
819
817
782
747
749
754
771
793
804
810
815
794
762
739
737
776
833
859
814
790
784
786
796
804
794
777
765
742
725
719
727
754
812
865
899
900
881
840
825
791
754
733
735
729
715
718
752
810
865
876
881
863
843
824
804
788
759
736
726
731
772
835
884
903
899
886
874
841
793
767
741
723
703
690
698
742
814
817
794
805
817
844
850
840
815
799
775
755
757
778
823
855
868
861
853
833
791
760
743
748
777
854
921
925
883
832
808
786
775
758
729
725
735
740
754
787
813
824
795
770
761
764
774
788
781
768
776
784
811
828
809
766
737
722
726
741
767
789
798
805
797
785
773
759
760
765
777
794
804
800
804
800
785
780
765
750
729
720
731
772
827
861
858
827
784
751
738
734
743
765
801
842
868
882
854
836
798
773
768
772
780
811
822
839
817
805
796
799
810
823
808
775
772
777
796
817
809
798
806
820
815
787
752
721
693
674
671
694
740
786
813
838
812
811
808
822
824
822
830
838
817
788
770
770
786
835
911
901
839
820
802
795
786
765
758
776
813
854
801
749
727
705
695
685
670
660
656
667
682
694
704
708
714
729
746
744
726
715
713
715
716
717
733
772
819
855
827
812
799
796
771
748
740
734
729
723
720
717
709
705
714
749
798
833
853
834
821
790
750
735
739
767
815
854
866
835
840
843
845
832
802
764
741
730
736
736
729
751
780
775
782
799
790
779
772
756
753
746
749
742
718
707
707
720
749
780
790
798
802
792
797
812
834
861
861
845
853
870
884
866
862
832
804
784
787
818
862
862
826
824
818
807
811
780
742
733
734
745
754
781
788
773
772
770
763
762
774
782
791
773
768
748
741
732
721
722
721
733
733
733
746
760
769
768
772
765
755
753
771
792
806
818
832
818
803
792
799
802
798
804
810
785
771
761
755
749
729
740
771
804
821
814
813
806
798
798
807
811
826
823
806
783
767
758
745
734
744
742
730
734
738
743
740
734
723
701
688
681
682
688
685
681
670
662
662
682
726
802
771
752
762
777
810
848
861
842
820
791
760
748
745
768
794
813
837
846
824
816
836
805
778
754
728
713
711
735
788
852
875
889
878
838
815
773
737
729
739
759
801
833
833
816
798
795
806
821
826
811
778
752
752
759
784
813
838
827
813
808
813
818
825
816
785
776
765
739
729
723
728
754
814
850
848
826
808
800
777
762
764
755
748
743
746
737
727
730
729
729
729
739
741
775
762
741
737
726
719
713
710
712
720
736
756
793
825
839
808
786
777
758
739
714
693
689
699
697
705
710
718
719
710
699
693
688
685
683
688
707
704
705
720
746
770
782
776
772
766
758
751
738
733
735
748
759
753
771
792
778
736
726
722
726
741
759
772
770
750
738
741
761
781
767
781
808
837
831
846
831
826
831
826
813
807
799
778
766
767
777
797
802
832
855
841
821
812
803
782
776
793
805
818
847
855
846
840
811
800
796
797
797
800
796
811
832
850
846
818
829
828
838
827
802
797
802
778
768
796
845
883
885
831
795
779
771
759
760
766
796
826
820
805
798
787
758
724
706
692
692
703
718
750
750
744
754
781
798
801
792
788
785
772
777
776
783
791
778
767
775
760
745
756
773
771
777
776
780
786
785
788
792
801
816
839
818
818
813
792
752
738
748
771
805
813
829
838
833
832
820
796
786
767
765
768
777
774
770
775
777
790
788
799
790
781
789
775
771
762
755
759
755
752
762
764
756
747
748
765
803
818
808
817
813
823
805
817
803
798
776
762
743
729
702
691
688
690
710
724
728
730
738
740
739
736
721
709
708
712
718
730
747
744
758
757
736
732
735
725
721
716
709
710
712
720
712
725
746
764
753
752
745
733
724
729
718
712
712
700
700
719
727
725
733
741
736
738
737
729
722
720
722
731
750
745
757
767
759
740
729
722
734
749
763
764
766
772
773
771
779
770
758
764
758
754
758
780
789
789
787
775
765
765
762
763
783
805
799
802
806
784
776
774
758
749
755
751
749
765
787
798
802
805
815
812
799
780
769
750
741
735
730
747
781
796
808
824
844
846
833
796
771
765
771
782
795
801
825
855
845
817
805
798
792
757
736
735
744
758
763
749
765
777
777
775
788
776
775
771
764
757
768
786
798
807
810
802
773
777
791
796
795
796
788
781
776
791
784
755
750
761
762
767
765
761
759
759
754
747
742
746
750
744
748
762
776
782
782
779
770
762
746
726
707
696
700
711
726
723
728
741
747
758
771
776
763
760
757
744
736
730
725
722
720
726
754
757
771
792
782
775
769
761
763
772
759
756
766
771
765
762
757
757
767
769
761
759
752
740
728
729
730
730
719
722
737
752
733
727
733
732
728
716
698
685
677
664
660
654
656
645
647
646
653
661
678
697
708
720
727
732
745
750
763
753
769
771
764
747
712
708
718
742
772
795
805
771
759
759
761
761
753
753
763
768
769
765
752
728
709
703
710
720
732
740
741
745
738
740
736
732
734
730
730
736
756
788
853
866
875
842
792
771
734
704
693
687
688
725
811
868
892
855
819
812
794
785
767
746
739
737
727
725
755
789
798
796
802
805
782
760
755
746
745
742
737
729
717
704
706
721
736
738
743
747
741
729
721
721
736
733
727
725
730
725
729
729
729
735
737
740
741
738
733
730
735
749
746
738
728
722
719
724
745
762
769
764
750
748
750
736
720
717
721
721
732
748
770
768
766
756
757
741
730
711
703
702
713
724
730
732
733
733
729
725
729
734
734
747
754
738
731
733
732
729
730
733
732
735
739
743
752
755
758
771
783
780
772
766
752
746
751
759
770
764
756
765
760
758
759
762
761
762
759
755
759
767
759
747
743
750
763
786
791
769
763
754
761
762
765
755
740
741
756
770
788
785
777
780
794
790
778
779
778
771
767
766
779
787
785
792
786
781
769
762
758
739
729
704
711
720
723
739
746
753
767
767
772
764
757
754
750
751
745
735
735
741
731
717
725
747
787
832
858
861
851
811
792
777
768
749
745
752
769
775
771
767
761
769
764
765
786
793
797
798
802
811
797
788
768
765
780
813
811
811
833
831
814
783
771
762
764
754
741
750
755
771
772
774
792
794
800
784
771
763
755
745
746
758
773
763
748
749
756
766
771
751
746
757
761
759
748
731
727
734
738
744
733
732
751
766
744
719
723
720
707
702
701
703
707
706
703
711
726
739
734
730
740
747
753
744
726
718
719
730
741
738
734
742
752
758
755
754
756
750
742
746
763
768
769
768
774
780
783
764
755
759
764
752
746
748
749
745
738
751
769
794
790
769
755
743
738
728
728
743
755
769
757
754
761
772
771
760
737
736
748
740
733
736
744
753
754
761
771
758
742
732
717
703
703
703
715
724
703
698
696
686
679
680
682
704
734
747
787
771
755
737
725
728
737
739
738
727
717
701
682
667
660
661
666
673
695
713
737
776
810
794
779
763
746
733
729
702
694
698
727
756
790
799
786
762
737
721
705
693
702
733
820
865
843
836
836
839
837
815
813
815
807
808
790
782
796
821
856
859
824
817
807
789
754
731
726
696
681
679
699
738
751
762
768
769
764
770
771
751
751
750
752
736
721
728
729
739
757
785
811
810
818
784
773
767
786
805
806
806
805
802
809
806
807
809
789
779
781
783
776
788
783
782
782
808
827
822
792
781
755
741
726
722
725
743
772
796
811
860
849
830
819
802
782
759
746
729
726
737
794
879
864
842
827
839
795
773
758
738
729
712
708
710
725
727
731
745
771
783
771
778
795
809
804
774
769
768
777
753
746
750
771
810
813
803
785
760
729
710
693
686
701
740
801
824
788
800
800
814
804
804
792
786
786
777
749
738
739
741
740
734
732
729
714
710
710
712
725
718
766
866
968
967
961
936
897
861
842
816
773
746
747
782
845
921
938
928
919
882
854
807
766
736
718
718
756
854
929
945
857
835
822
817
819
824
822
821
807
798
794
792
806
822
825
806
778
762
778
798
820
801
808
813
826
843
855
870
854
842
806
791
783
802
860
913
911
847
855
861
858
853
840
810
787
783
803
830
838
820
821
839
858
861
871
840
793
771
767
777
801
820
811
811
818
821
829
831
804
782
770
762
764
748
744
749
774
807
846
844
822
796
757
737
733
741
765
775
761
766
779
801
825
812
772
761
755
769
791
814
816
805
798
802
808
823
832
821
803
800
813
828
820
801
804
814
841
823
810
813
815
817
812
788
787
801
813
825
815
803
812
816
813
802
778
785
805
823
838
832
799
780
775
782
752
733
749
756
771
813
842
852
853
826
788
766
756
759
789
806
799
815
814
819
829
839
816
802
800
823
850
859
827
802
796
795
809
798
787
788
797
827
844
821
798
795
807
819
825
819
792
774
763
751
751
739
750
767
761
734
727
721
707
697
711
743
775
784
788
775
771
754
745
761
777
805
813
835
846
828
828
833
838
835
826
788
798
795
793
822
852
854
804
783
790
802
800
778
771
783
802
836
856
851
837
801
771
771
787
837
876
875
847
809
785
768
764
753
767
820
936
982
965
963
951
903
847
809
768
758
772
792
800
804
809
805
795
778
768
748
725
711
710
717
733
739
750
765
779
791
806
801
788
782
795
785
748
750
752
756
762
771
777
783
785
770
763
771
785
804
819
820
820
813
791
767
774
797
833
856
850
814
791
769
759
766
773
781
777
768
772
780
797
812
819
813
808
788
772
748
741
755
785
816
826
828
806
789
771
752
744
734
719
720
749
800
839
871
852
825
811
791
765
733
719
709
702
705
726
763
791
797
777
771
768
770
774
778
793
804
814
815
813
807
791
790
798
809
812
806
785
771
773
785
795
806
814
812
793
771
768
775
803
826
848
829
800
790
783
787
793
794
790
782
776
773
770
782
801
807
834
845
832
824
802
776
758
740
736
771
821
867
876
839
824
802
779
772
773
775
771
760
762
756
760
778
796
809
808
802
776
769
764
771
777
777
765
745
744
759
784
811
839
843
811
797
786
785
799
797
788
776
769
768
754
747
736
736
725
708
718
734
759
783
797
803
808
796
778
762
748
736
741
771
838
888
904
911
904
861
826
804
791
807
818
816
785
784
803
822
841
842
839
816
775
758
751
748
750
748
745
755
779
813
831
833
825
781
758
742
740
742
749
771
779
772
772
758
753
758
760
772
779
763
750
747
757
771
756
738
747
762
777
776
777
780
785
783
769
751
745
739
737
730
726
718
706
699
700
703
713
738
776
797
831
835
816
788
767
760
763
778
790
778
739
730
733
727
726
745
772
815
826
819
789
753
737
735
735
740
744
762
797
828
833
839
819
806
792
783
776
767
765
751
752
775
810
827
820
804
780
753
746
744
736
733
732
742
760
775
783
771
771
771
770
768
758
735
730
749
797
854
867
844
826
818
782
766
764
771
793
786
764
752
750
751
757
738
734
736
738
734
729
721
721
713
709
710
727
779
819
823
831
810
811
802
775
749
718
700
683
664
647
639
636
646
673
710
732
727
742
752
769
793
811
808
793
767
757
777
773
760
756
757
738
720
724
709
695
691
695
700
693
697
695
691
683
678