310
3335
334
5983
5611
12868
2405
13389
742
3598
2806
1422
776
3277
3460
1622
4805
3444
2058
6041
10553
695
9783
681
2263
4026
5647
720
2111
10436
5562
10235
3455
2109
4188
21381
721
4315
1412
6533
742
10257
1451
736
732
739
4138
688
12444
667
1319
660
8994
661
673
742
7575
9161
1438
729
5793
701
688
772
787
777
1466
714
708
719
262
4227
753
2144
1391
2860
2104
697
4153
688
687
691
4189
1367
2041
694
2153
4032
1436
4228
2944
2204
692
2029
673
507
6210
2729
2062
683
688
699
11479
2886
5727
1398
2199
1456
725
1454
1453
707
6128
2794
2085
690
1416
737
2221
2130
2080
699
698
699
713
1429
1418
701
688
694
3541
688
692
702
718
1410
2067
1374
2837
6394
1428
1396
694
3525
696
704
710
2137
2789
4269
2137
2115
2076
679
682
684
668
654
2044
1386
704
696
703
706
699
3524
1442
731
2134
5012
727
3595
697
2818
2237
726
1445
707
712
3446
675
4916
2127
4073
667
656
694
704
720
9011
740
1493
2223
3656
1415
715
2146
3568
712
2114
1425
3535
718
1416
695
1370
667
1423
712
722
719
2102
692
692
689
693
705
712
1456
735
1462
1456
713
1420
1390
692
1375
693
725
746
2952
743
1477
5766
685
2905
1524
744
724
713
12063
714
728
1454
734
3582
697
697
1385
697
722
1474
743
729
740
5003
2102
717
719
7109
691
1416
2149
711
729
2812
696
1406
4412
718
3525
690
700
719
2208
719
729
1496
1460
1404
4358
2891
712
710
2153
1412
2827
1412
1425
710
4360
726
3667
718
726
3672
722
1474
2918
1428
696
682
684
1380
686
692
2136
1416
4337
5029
2106
2128
1397
1393
2073
698
2846
703
701
702
2135
703
712
722
4383
699
3425
2133
705
2160
745
763
1475
750
743
729
738
747
754
758
2860
2782
714
2987
3731
1412
2125
721
2875
720
2181
715
697
718
778
745
2139
686
700
2259
2357
1543
761
744
735
736
747
4321
2013
683
696
1450
753
769
777
762
745
6258
709
713
722
2234
1422
1347
652
660
687
717
1525
760
746
1466
2149
1460
2873
2187
1419
720
727
2151
1397
689
1386
2827
735
1456
711
718
5614
2120
709
713
2112
1401
704
703
711
717
3600
1410
711
712
717
718
703
1421
714
2842
1410
717
1438
719
722
719
720
3482
697
2051
1366
716
727
1430
723
4822
693
702
716
729
1469
732
741
3587
2796
691
691
1389
1442
2188
728
737
3687
1485
3622
1452
1412
2113
2131
720
1428
2134
716
709
1428
3599
1376
684
691
1366
702
715
1438
2845
699
1393
1411
723
728
725
731
721
711
2045
1399
750
771
774
787
791
2261
702
2061
675
676
1313
2007
643
662
669
1394
705
711
697
1367
673
677
683
1393
1399
719
729
1481
741
721
717
724
733
2223
752
765
1568
769
743
738
731
724
711
704
709
722
720
721
718
700
710
718
729
1465
724
729
738
734
1479
741
724
725
731
739
734
746
731
717
711
717
723
728
1453
717
724
730
731
720
731
722
1435
707
710
1429
725
731
1451
732
721
720
731
737
728
712
715
719
718
1438
703
696
709
703
703
1416
703
707
716
720
725
724
1425
705
714
714
724
732
1196
982
716
732
1437
705
698
698
692
685
684
685
1362
680
682
680
693
699
699
696
707
709
708
706
703
695
688
697
694
692
1410
706
706
1425
718
737
725
708
1426
1426
701
700
1397
708
717
725
727
726
353
362
714
712
1424
711
717
715
702
710
730
727
725
721
724
723
714
714
721
1402
698
713
718
720
719
703
692
685
684
684
1355
689
700
719
714
718
729
740
744
730
721
1426
710
721
729
729
734
739
740
735
724
747
740
751
1510
821
785
771
739
729
737
726
713
705
691
692
697
701
713
718
707
694
696
706
696
700
703
701
697
709
714
711
702
696
695
688
680
683
686
714
712
729
729
731
745
726
729
729
729
713
710
702
700
818
769
748
740
734
724
721
721
730
732
754
768
749
743
721
698
680
663
655
663
653
644
647
664
663
668
671
684
694
706
739
730
746
764
518
265
794
784
1514
730
726
711
712
708
727
737
729
723
711
697
698
702
704
699
699
709
715
735
733
740
736
735
755
740
725
689
685
683
680
688
1381
699
689
677
702
715
722
711
709
703
709
705
702
712
721
729
723
744
729
734
721
708
711
711
726
724
726
746
728
736
722
720
710
695
695
697
697
711
701
712
712
714
722
703
711
724
737
732
723
712
706
713
707
695
695
695
699
700
691
688
697
687
682
695
683
699
703
701
701
693
696
702
704
705
701
692
697
700
706
709
715
709
705
712
719
721
723
708
707
719
733
729
729
714
718
714
710
704
700
689
710
719
717
721
712
709
714
722
712
722
721
718
720
716
727
738
746
718
717
717
705
716
708
700
700
705
716
716
708
697
684
693
692
692
699
692
697
703
702
1419
714
729
732
736
720
716
731
722
728
726
720
719
743
740
749
752
729
715
715
707
711
711
698
704
719
737
760
765
780
745
755
751
742
728
715
716
726
729
727
734
739
728
726
740
745
729
1493
753
766
751
735
727
727
724
723
732
728
736
756
762
760
756
728
710
706
709
721
708
719
713
716
745
739
744
734
723
729
727
719
724
731
715
721
729
724
723
729
710
728
737
733
745
742
735
746
741
745
737
714
720
730
727
736
733
741
748
755
749
742
745
732
718
723
711
714
725
716
709
722
730
751
747
758
748
724
720
733
728
737
738
725
724
723
715
710
727
719
711
723
1421
716
721
717
726
731
736
747
744
720
734
741
723
724
724
716
711
720
726
729
713
701
693
698
712
714
723
725
724
706
729
738
729
730
734
738
746
743
738
735
725
713
726
708
699
702
692
702
714
716
732
732
749
731
746
740
730
726
708
703
711
705
719
727
702
707
699
688
688
1356
676
679
696
692
713
719
729
729
720
700
707
695
688
686
1350
672
682
699
725
747
745
729
734
744
745
773
777
1526
783
789
793
784
776
807
813
805
768
753
753
762
780
801
814
788
786
803
810
797
806
784
785
806
819
837
818
798
776
776
775
797
785
779
767
772
778
773
761
751
748
762
744
758
733
741
757
765
787
788
768
780
772
760
773
771
756
746
755
756
729
733
735
724
724
734
742
752
749
731
724
724
716
1425
711
716
698
703
694
707
689
697
698
1417
730
713
695
682
680
680
678
690
683
661
697
714
710
712
702
696
710
708
695
688
690
787
792
758
762
783
792
756
725
728
706
721
711
714
729
750
745
746
738
757
759
771
766
759
740
740
744
749
763
750
734
729
732
725
732
755
735
737
738
750
734
721
718
706
1402
688
681
664
660
641
646
653
655
1304
639
636
636
632
683
720
740
746
720
713
729
729
737
740
722
701
696
683
671
681
678
662
660
662
685
692
662
670
675
687
697
713
746
760
802
813
850
862
831
819
802
783
771
788
797
770
793
786
768
773
756
753
734
741
740
737
745
731
744
759
747
750
745
720
722
724
729
741
749
766
765
758
769
762
755
736
727
717
706
706
701
702
701
694
680
676
676
680
679
681
693
679
691
681
685
702
694
704
705
703
707
707
702
692
700
696
698
695
692
696
691
683
665
647
638
627
619
608
604
600
609
615
622
631
646
660
671
681
697
704
709
705
705
706
717
717
685
669
679
680
681
689
700
698
696
696
710
702
699
688
674
678
681
684
708
713
714
714
714
709
703
697
702
627
749
676
679
685
696
695
696
695
690
687
679
675
662
648
650
642
635
637
633
639
646
635
630
636
638
646
659
1340
687
683
689
696
702
707
719
713
690
676
670
670
666
677
678
675
688
692
710
719
737
729
746
748
733
728
712
724
733
745
739
758
762
753
731
738
721
720
715
698
699
717
708
702
703
692
695
686
675
673
673
672
678
698
718
730
747
727
715
702
678
659
643
632
622
622
619
615
640
659
678
698
715
727
729
728
737
732
721
708
691
698
699
704
703
710
718
696
701
700
695
706
713
700
692
705
701
706
693
688
693
687
683
674
676
679
687
696
699
705
714
713
699
689
688
678
667
667
661
684
702
701
695
688
683
680
669
672
667
667
656
648
657
660
682
702
712
706
720
739
729
721
706
696
685
676
664
651
650
651
659
672
683
710
722
726
733
746
745
737
731
716
700
694
688
691
696
704
713
724
733
736
740
730
727
722
714
703
701
701
699
701
709
692
685
685
689
695
714
722
725
731
734
719
714
710
704
693
704
714
723
710
715
711
713
724
719
719
711
700
693
702
706
705
707
692
700
703
702
690
688
698
693
712
708
708
709
707
700
692
694
706
697
706
696
706
692
701
689
682
676
684
682
682
698
702
699
696
706
700
691
696
700
716
725
755
781
800
805
762
752
746
731
720
709
707
713
733
740
757
737
750
750
745
741
729
718
710
731
733
749
741
725
725
721
710
702
711
708
691
683
688
684
686
709
720
717
711
699
701
707
713
724
717
703
700
697
690
692
696
694
690
696
692
695
695
686
691
703
705
718
706
699
692
696
705
700
692
686
672
718
736
713
708
696
707
708
701
702
708
705
709
715
720
735
740
747
748
740
736
728
719
714
706
702
693
698
701
721
714
710
697
690
688
685
681
672
670
669
669
671
674
682
685
695
706
721
726
719
714
697
691
685
682
688
686
695
683
674
678
678
688
696
699
671
694
708
717
700
711
705
709
695
696
700
693
693
703
704
700
705
692
682
678
679
556
771
658
652
652
668
673
691
692
709
712
714
711
705
694
681
680
677
681
691
704
716
713
718
711
713
715
711
714
704
700
695
704
693
699
697
701
701
708
704
724
701
710
688
686
694
689
680
687
686
694
704
715
705
714
724
720
725
714
698
696
706
708
716
719
729
736
747
738
729
704
696
698
710
706
709
708
727
745
722
713
722
720
729
727
730
723
715
713
705
693
682
673
682
710
737
752
782
747
753
738
733
723
719
719
720
716
719
716
742
734
727
732
749
746
735
736
732
751
745
738
734
719
709
700
707
708
706
698
716
735
727
705
716
697
708
714
722
725
727
731
748
755
761
759
745
739
725
718
704
704
706
713
718
726
730
744
747
774
766
757
749
750
733
735
722
718
716
711
717
721
729
761
742
738
727
707
712
708
710
711
706
696
711
714
715
720
725
709
700
685
687
680
689
684
687
701
709
720
729
723
723
732
723
720
702
694
702
701
713
728
727
735
710
712
700
694
688
691
699
693
704
697
714
718
737
731
704
694
683
681
697
711
730
732
765
769
792
781
757
742
737
728
724
733
717
706
709
717
712
725
726
707
712
720
704
704
705
697
717
722
714
707
705
711
1403
690
691
687
678
681
678
684
684
685
687
689
694
691
698
714
719
736
719
722
712
706
703
702
684
674
681
688
688
683
700
700
707
703
692
690
699
697
694
693
688
671
646
661
683
698
699
713
718
724
730
713
697
704
711
716
723
709
710
724
714
722
718
718
711
722
726
714
720
721
709
712
729
722
709
706
708
688
677
673
657
702
688
674
680
679
683
669
661
665
665
663
675
695
698
698
374
312
674
645
636
627
616
617
631
646
684
740
727
734
731
772
810
827
788
769
755
762
750
713
723
727
741
747
742
752
783
759
731
743
747
771
737
741
755
771
791
776
798
798
793
825
800
797
816
814
793
828
816
827
802
778
790
799
813
807
786
776
805
811
796
787
803
813
797
776
787
804
815
819
790
783
790
778
758
731
730
734
737
737
749
726
726
726
738
754
734
729
743
736
739
751
750
753
768
762
762
778
760
766
762
784
778
795
794
786
787
793
785
778
760
767
781
786
782
766
762
785
804
782
772
764
776
772
752
734
729
725
738
747
746
762
774
766
773
750
750
763
753
750
752
761
771
771
764
773
766
764
756
753
726
726
729
735
738
744
759
755
764
750
746
743
757
767
765
776
784
786
771
773
750
741
749
743
751
757
755
745
751
744
738
728
723
726
737
738
742
746
755
758
759
761
747
742
739
756
767
774
777
775
765
763
755
758
751
751
750
747
748
760
770
783
761
745
755
755
747
752
751
772
796
799
796
774
780
755
728
716
707
712
725
726
737
758
766
774
762
783
750
733
729
725
734
730
734
737
749
746
739
745
727
716
718
727
737
741
769
769
773
780
780
774
759
756
765
752
748
740
742
746
761
762
752
747
743
737
739
747
737
737
741
746
747
747
734
734
740
726
727
722
724
746
769
762
763
761
769
748
760
766
766
765
766
740
739
738
748
745
745
733
731
732
748
739
744
750
746
757
775
763
749
727
725
707
709
715
722
728
739
733
740
747
752
752
741
744
744
724
727
737
742
760
758
758
768
757
751
747
735
742
738
750
753
765
750
760
768
760
764
759
757
745
754
765
780
771
746
730
729
731
742
743
742
760
775
791
783
773
771
772
748
749
737
727
717
710
720
714
717
712
729
745
767
790
809
804
832
822
820
794
790
786
779
794
785
791
795
797
817
789
793
802
789
800
798
771
759
744
780
760
760
738
758
740
702
709
725
719
708
706
695
695
702
703
716
729
751
750
747
774
766
747
726
722
708
710
696
696
706
734
756
771
775
785
788
754
768
785
813
802
795
771
737
693
702
692
709
726
708
1410
712
724
749
786
812
817
828
832
802
766
760
755
763
757
738
729
721
710
703
705
709
717
728
757
782
787
807
804
792
802
796
743
735
735
749
763
765
783
813
818
822
807
810
798
1592
783
777
795
783
785
784
797
791
771
761
768
768
788
790
768
775
792
776
807
819
818
807
772
755
748
748
754
744
767
777
785
797
804
803
785
796
796
776
769
759
757
762
771
773
785
776
774
758
770
759
764
771
780
788
774
747
709
702
699
707
718
731
714
722
701
696
684
688
692
691
686
697
693
715
737
760
759
733
720
717
732
730
742
735
753
776
778
793
796
776
767
778
770
794
815
834
801
810
821
827
805
780
751
750
720
704
716
744
752
753
747
768
769
780
784
766
765
772
764
764
771
782
751
748
755
766
788
775
760
753
784
785
782
775
750
761
743
739
753
753
759
761
766
750
747
762
765
775
769
745
741
765
771
786
771
766
752
746
740
743
755
765
795
858
869
878
874
822
806
785
769
749
762
755
754
747
761
786
808
815
780
768
769
762
759
756
740
736
732
739
753
772
762
768
802
794
787
785
777
762
729
709
785
800
809
794
799
797
797
771
753
731
750
758
777
819
818
819
819
822
787
775
771
775
779
793
776
799
813
805
795
758
769
807
765
760
746
734
727
720
746
757
771
800
809
809
808
812
819
804
795
789
778
770
759
735
742
758
753
788
791
791
809
789
775
789
799
767
795
805
838
834
830
822
800
801
791
789
780
788
803
813
784
781
801
831
860
841
820
791
760
756
769
772
771
770
797
826
842
811
789
781
776
780
802
818
813
792
789
779
1527
728
716
709
721
724
744
769
794
796
802
772
784
803
796
754
772
798
812
848
842
823
812
804
813
821
1596
776
770
769
773
770
774
778
773
797
778
775
781
788
780
761
758
781
781
798
819
842
815
799
810
807
833
812
797
795
830
862
857
793
763
773
759
769
774
795
801
803
785
774
778
771
778
796
803
783
775
796
806
809
782
777
780
789
792
811
793
782
796
782
764
766
776
779
776
780
765
752
745
750
770
740
756
742
736
751
730
725
724
717
721
746
756
765
783
780
780
772
794
789
795
814
824
813
814
785
789
783
816
794
783
793
816
826
833
817
799
796
794
791
796
1544
742
749
715
692
1394
688
687
688
689
683
682
687
691
695
710
687
680
678
687
696
713
728
749
739
755
732
750
756
745
740
726
710
701
696
681
690
697
719
724
736
766
780
769
785
773
790
765
764
775
760
755
1451
718
714
720
702
679
683
672
674
675
676
661
660
736
721
718
710
2099
700
725
1531
772
760
729
773
800
803
788
774
768
774
765
760
1474
729
739
744
747
751
759
741
759
740
735
737
740
729
737
748
747
750
732
730
732
721
726
1459
725
736
740
736
743
729
730
725
732
731
727
729
736
745
750
763
774
769
757
744
742
748
742
756
762
738
741
749
741
740
748
1510
751
743
754
756
744
735
760
745
745
736
722
725
724
720
732
740
749
752
751
746
729
742
731
737
1427
720
720
727
731
746
740
744
733
738
724
1461
717
707
712
714
727
1438
1431
753
751
764
758
754
734
741
742
740
731
728
730
738
739
732
740
758
1457
734
745
741
725
711
716
714
714
721
703
701
702
699
706
720
728
739
732
736
754
745
756
751
745
745
734
711
710
721
750
757
762
762
752
756
727
711
707
708
717
730
747
758
758
772
769
769
748
751
742
737
730
736
743
745
748
763
768
779
773
769
764
771
763
759
738
715
701
688
688
684
687
702
718
750
762
772
750
769
759
754
745
724
729
731
733
742
736
734
741
768
757
769
770
748
754
763
768
773
765
754
752
762
754
742
728
728
725
728
725
735
710
715
734
731
740
755
744
754
757
753
733
728
720
733
750
734
731
745
730
725
930
843
809
1559
763
765
768
760
764
759
756
754
769
738
736
724
719
714
714
707
710
697
701
705
704
703
701
698
698
690
696
692
684
686
692
707
729
754
737
744
749
748
742
744
734
731
728
728
743
744
761
745
734
747
741
746
729
720
725
725
721
701
701
699
705
716
732
719
755
752
757
755
756
753
734
732
752
744
751
732
726
733
728
729
704
704
705
696
699
695
693
704
709
720
727
727
724
724
734
737
731
727
727
721
1471
733
731
718
718
724
714
718
712
709
722
698
713
713
705
718
728
736
742
736
744
732
726
725
707
704
714
717
721
731
753
754
749
750
733
748
759
756
1464
717
727
731
729
738
735
740
744
737
734
729
743
721
730
739
740
755
754
740
747
757
735
739
743
723
707
708
715
722
730
1456
717
724
716
721
724
715
718
712
721
1447
712
716
724
728
721
721
716
737
734
745
743
743
737
743
757
745
755
1471
739
734
742
723
727
741
745
749
754
727
731
720
712
705
700
718
723
754
787
807
817
767
777
753
754
750
756
753
737
745
750
744
755
755
738
739
752
740
1450
721
735
731
727
712
700
691
684
687
692
695
696
712
728
740
746
766
757
751
747
749
736
734
1443
747
774
770
779
743
734
732
711
710
697
701
717
718
692
692
715
728
743
725
724
730
735
726
715
707
698
699
725
739
753
764
794
1547
750
751
756
759
769
763
728
738
751
762
754
740
745
761
759
765
756
732
729
732
740
755
756
764
753
756
771
758
1461
730
747
755
756
775
758
780
778
772
760
746
743
749
742
775
788
773
783
795
792
777
1476
726
720
738
745
730
734
753
764
768
752
753
751
737
736
733
723
727
740
737
747
756
751
745
748
756
758
783
812
815
799
789
783
788
776
769
732
729
731
743
759
775
777
759
762
760
753
751
756
749
736
735
768
746
751
734
717
716
710
712
719
724
726
719
715
726
736
732
724
720
714
726
749
772
775
771
763
777
785
780
749
721
706
688
679
675
702
758
782
767
736
728
718
718
703
688
673
671
667
663
664
670
671
658
660
658
645
645
646
666
704
749
755
771
818
842
851
823
832
842
855
856
847
850
800
809
828
838
816
817
823
870
880
880
861
827
775
746
723
724
740
757
777
772
758
757
757
767
782
813
851
874
878
828
824
785
785
798
776
789
801
805
838
826
808
798
805
780
761
763
786
792
791
771
779
789
795
788
786
764
768
793
790
803
761
761
755
743
741
733
750
753
762
766
767
747
746
758
768
800
809
826
783
784
773
761
770
773
768
771
786
813
799
788
773
788
805
809
790
782
758
761
775
788
801
779
770
763
789
776
777
756
749
767
782
804
789
771
766
763
752
764
2371
783
788
790
790
769
768
775
753
745
741
717
719
702
1411
731
744
770
800
801
813
810
798
776
779
756
732
733
728
762
1552
799
1669
831
814
819
828
824
826
806
787
813
830
807
794
809
847
817
787
755
758
752
766
779
773
782
794
795
815
818
821
801
803
808
816
817
832
827
1639
806
826
817
790
731
720
789
846
810
764
762
761
763
726
727
737
759
822
817
845
848
794
797
810
840
847
873
829
807
3005
700
705
732
796
817
830
824
1581
758
735
728
737
744
762
818
875
860
873
865
861
842
846
1680
791
796
796
803
812
852
826
820
847
855
826
814
841
855
827
844
867
828
791
779
808
1708
862
836
820
814
812
824
788
775
794
788
814
840
832
854
894
888
827
826
834
798
791
782
790
802
813
819
813
823
819
768
756
759
779
798
813
820
813
798
792
808
799
815
821
812
797
797
818
815
809
780
766
776
794
788
780
778
768
787
821
809
824
829
803
788
806
802
806
772
760
778
810
827
838
817
802
817
801
809
813
801
773
756
765
751
751
761
749
761
763
779
806
765
764
773
769
1558
767
736
730
741
750
767
777
776
788
800
800
800
782
765
744
752
752
779
772
766
754
762
773
796
807
801
800
763
755
756
726
714
684
688
685
689
672
654
664
664
668
674
677
681
683
679
679
676
684
697
720
727
728
715
743
726
728
724
711
700
699
727
730
736
725
708
711
695
709
729
755
739
714
721
716
703
686
666
651
677
691
729
763
797
813
809
780
784
786
773
759
753
730
719
727
740
750
763
771
767
743
745
733
731
729
1416
698
708
727
756
784
758
763
775
786
790
771
768
768
767
771
749
766
775
772
768
757
736
738
813
793
771
1487
741
748
761
759
797
807
802
806
1588
796
771
758
756
756
747
759
744
758
753
771
771
773
1512
753
748
738
735
744
741
747
746
752
747
751
749
754
750
754
729
730
734
744
765
779
776
762
740
738
743
741
745
743
716
701
694
690
2240
790
1623
831
820
789
773
772
765
764
776
778
760
752
784
777
1563
773
1559
768
1514
742
752
759
775
771
748
743
756
759
768
771
749
739
733
746
741
765
760
768
756
1511
1530
775
762
742
732
720
706
705
708
710
713
720
727
728
731
724
715
708
700
713
711
726
1503
794
784
805
771
758
745
742
728
1471
715
699
716
732
736
757
771
766
767
761
770
776
773
770
763
756
753
741
737
716
726
753
742
727
740
744
741
736
716
722
713
703
686
681
692
744
786
812
828
816
816
817
836
829
822
807
759
754
725
732
708
676
687
708
713
1487
777
788
780
792
792
787
768
750
776
774
791
805
816
1551
770
775
764
774
788
752
751
745
766
762
762
750
729
723
735
755
766
753
740
740
729
721
731
733
737
723
721
717
1403
698
702
724
702
708
713
725
737
751
752
757
743
746
731
715
708
805
791
766
761
728
704
699
707
712
724
707
710
717
727
731
748
747
764
769
755
744
749
756
746
752
747
747
768
775
769
767
757
759
742
737
729
723
725
730
723
734
735
749
759
756
753
753
747
732
743
746
751
739
735
764
753
747
760
785
779
775
758
760
770
758
756
755
763
757
768
780
771
783
749
753
765
746
747
725
720
740
738
747
745
740
744
743
725
1460
714
722
736
729
751
753
739
741
755
1482
737
730
1453
744
763
763
750
751
760
763
737
728
729
719
711
699
718
743
771
783
790
758
751
756
743
749
745
749
755
743
749
776
784
815
809
813
824
802
769
746
744
735
744
753
730
739
763
759
767
763
1521
771
767
777
780
773
745
737
749
749
1518
737
749
749
742
729
720
722
738
1490
756
743
734
752
743
1509
758
1508
1544
1521
735
730
736
758
772
763
774
808
777
770
748
749
752
727
726
740
747
755
735
740
739
746
759
1509
742
745
752
731
725
750
2994
770
787
1570
770
776
781
779
756
726
719
719
2117
693
700
728
743
770
756
760
769
771
781
771
749
720
725
747
774
808
823
808
791
793
774
771
758
747
766
772
777
779
761
765
787
788
811
798
784
777
780
785
787
773
778
794
1607
782
778
788
811
843
854
829
793
804
811
815
814
828
782
759
765
780
773
769
769
791
791
791
794
761
763
762
784
762
765
780
786
1592
784
776
779
808
810
807
816
798
811
1587
795
774
780
799
800
805
786
776
778
799
800
807
806
762
750
757
744
751
761
761
743
754
779
1579
1563
766
768
757
758
1512
733
727
717
745
733
753
769
766
739
739
745
747
749
741
736
742
757
762
755
759
2250
1475
692
688
711
727
748
735
746
763
772
783
739
744
748
763
765
765
765
1498
771
776
813
818
1578
770
766
765
769
753
760
787
769
765
744
751
759
770
785
785
756
767
771
1553
760
748
757
768
770
776
773
806
813
823
827
826
797
775
775
770
780
756
755
754
767
789
810
784
789
773
788
771
759
752
752
751
757
775
787
811
821
818
809
826
798
813
794
766
771
769
776
777
783
783
764
777
783
795
786
782
787
785
793
1521
752
729
788
758
752
736
715
700
685
671
658
655
646
647
647
657
658
664
678
663
669
678
697
732
776
790
784
824
835
850
830
832
808
769
750
743
742
736
751
744
777
789
786
763
746
711
726
757
765
777
776
782
780
800
808
774
782
794
844
862
863
802
778
778
763
767
790
775
828
854
847
844
817
781
788
791
806
801
806
808
782
789
797
797
779
766
767
842
866
867
847
820
763
2911
720
731
769
848
855
892
885
851
783
779
774
771
775
779
773
773
794
807
783
790
796
829
832
818
833
834
815
818
814
806
830
824
796
785
802
810
815
772
779
789
781
776
746
747
753
770
772
767
732
750
760
784
774
776
778
761
761
761
762
788
792
803
788
776
799
786
808
817
797
775
756
763
761
780
789
787
769
777
802
795
816
785
748
736
746
742
758
768
760
769
777
779
795
798
757
752
753
740
746
749
770
787
799
787
790
787
789
788
795
776
746
743
756
767
781
790
794
768
772
785
783
785
773
760
741
730
741
721
713
716
730
739
765
764
751
760
777
769
760
752
729
730
732
732
749
760
784
771
798
818
823
824
802
772
769
780
795
807
824
800
781
795
818
798
807
763
759
759
756
771
1601
789
778
782
783
780
769
762
767
791
766
788
775
764
762
798
813
809
781
786
813
793
793
764
759
775
778
764
777
776
743
749
785
810
803
801
807
779
767
769
747
742
742
753
739
757
761
718
716
729
750
779
776
755
764
775
760
766
782
775
743
729
726
722
731
725
730
708
711
704
721
730
747
749
770
806
822
812
823
786
794
813
797
796
796
770
781
796
815
825
799
775
781
800
792
805
793
745
760
759
800
818
836
810
818
854
831
783
746
744
745
737
744
746
766
733
710
700
702
687
684
675
688
695
709
724
753
759
759
746
762
751
752
753
758
755
763
764
742
746
759
750
762
777
796
778
756
747
764
759
749
729
730
728
727
748
700
698
697
690
704
720
740
726
686
723
733
1478
733
731
721
722
715
727
744
780
819
804
800
766
766
759
777
788
813
858
817
775
797
924
902
857
799
770
752
748
718
733
767
807
828
783
798
818
839
796
795
795
767
756
756
773
776
812
850
823
822
841
820
780
784
775
756
757
787
859
860
842
826
796
809
804
800
808
811
803
808
814
836
839
824
1585
783
767
737
754
770
811
794
761
766
765
755
730
718
743
783
813
807
776
811
837
831
789
766
745
733
733
740
771
802
798
778
771
732
728
740
758
748
761
785
791
787
781
771
778
752
698
697
728
771
793
757
728
722
729
737
750
751
765
756
763
749
751
776
825
825
809
783
749
735
733
743
734
768
771
767
789
775
760
735
714
717
727
747
756
741
759
803
798
1588
759
756
750
755
770
776
781
799
820
817
806
793
783
788
782
773
782
790
784
789
807
805
798
808
802
788
786
805
801
773
765
761
784
737
722
728
729
748
763
745
727
733
730
724
709
692
693
701
707
720
726
723
712
720
711
675
670
667
702
733
798
822
856
824
798
786
776
766
753
730
707
715
740
744
773
794
802
773
735
739
724
722
726
700
713
700
695
700
717
771
813
822
761
762
748
730
720
727
713
713
701
698
700
690
709
762
795
780
760
726
738
751
761
775
773
740
703
693
692
706
765
857
938
959
982
972
927
902
868
803
801
795
798
784
780
775
766
781
801
832
1688
825
843
843
819
790
764
709
700
698
702
703
699
704
732
745
813
886
871
805
792
794
797
808
797
762
745
725
716
730
716
762
769
828
853
844
884
874
817
813
1529
721
707
716
738
750
747
743
728
721
1403
694
672
668
706
789
841
851
785
806
801
766
765
788
797
788
732
721
723
711
728
750
785
781
817
841
836
782
780
766
746
736
713
696
691
712
753
779
784
791
775
727
713
712
724
715
755
784
850
877
870
831
770
731
727
718
738
758
799
825
812
771
767
767
758
781
771
761
776
1532
776
740
706
702
698
691
702
706
712
701
699
699
704
688
678
670
649
652
644
648
663
688
700
705
680
739
761
776
771
770
763
734
744
755
753
744
737
705
690
691
696
709
711
681
687
689
714
750
767
1488
729
717
725
737
715
689
700
726
761
764
765
751
725
737
708
712
721
735
726
724
737
772
777
784
765
738
728
737
736
759
753
733
747
766
766
743
723
724
729
755
736
754
769
782
776
757
770
759
742
736
733
743
754
780
784
760
1457
693
693
697
713
741
742
751
749
774
787
780
758
715
697
699
711
726
703
727
736
765
756
747
727
699
703
705
700
684
688
706
744
756
776
806
825
822
807
778
722
726
696
1368
686
728
769
814
834
845
783
770
777
790
773
749
1415
668
662
656
656
661
670
698
710
696
695
722
732
728
749
752
725
728
725
709
695
697
783
864
832
773
718
737
771
791
772
767
770
754
707
711
692
678
692
708
729
756
755
1461
700
708
725
725
733
760
778
736
751
740
733
736
719
703
695
680
653
659
688
723
723
724
733
748
749
735
722
695
688
687
688
701
728
733
748
722
2089
691
722
749
763
771
738
729
724
737
732
721
2055
658
655
669
718
742
781
811
843
833
772
771
765
721
727
1394
679
689
704
743
769
772
763
750
724
702
680
683
708
738
775
800
802
758
756
750
720
719
733
734
743
729
755
763
780
743
725
732
751
762
739
741
726
732
763
770
760
746
760
752
729
725
728
743
728
725
718
711
701
746
787
811
783
804
791
779
725
709
702
698
688
693
706
712
734
751
754
729
707
699
697
687
676
680
675
695
738
741
730
738
726
734
723
730
724
727
732
738
758
759
1451
710
713
728
731
735
732
732
717
707
1335
643
643
665
720
733
734
766
790
790
779
781
750
730
716
681
679
676
694
729
750
824
834
874
843
857
819
796
801
785
787
772
754
740
1465
2097
708
718
723
747
751
758
771
758
1472
728
716
727
735
736
744
771
741
760
748
727
712
698
690
690
690
702
717
725
735
738
745
728
733
718
734
735
729
717
808
868
879
856
839
831
796
742
730
755
788
893
923
897
790
781
789
804
800
752
720
726
718
699
716
712
719
717
722
714
713
674
692
702
692
713
738
765
754
735
767
763
772
787
767
740
765
778
791
789
779
772
780
722
716
717
735
758
796
789
816
810
832
816
804
792
751
716
725
721
693
738
760
808
825
804
786
747
769
781
747
759
777
800
776
776
784
736
741
734
724
756
771
826
923
959
947
920
878
838
740
751
755
777
784
807
790
755
784
814
834
805
784
777
762
713
716
724
742
765
779
775
1521
715
712
718
725
744
1563
796
774
787
782
797
758
761
739
705
728
773
792
820
816
812
799
800
774
739
706
695
699
710
718
727
724
717
711
712
704
695
690
672
671
675
690
719
757
797
815
796
811
794
781
783
764
737
744
722
700
729
730
739
736
751
736
725
690
713
744
729
718
695
687
666
710
780
785
752
711
674
670
665
1293
646
659
672
688
706
730
1458
723
743
748
753
751
730
736
759
781
795
797
822
767
786
838
793
738
728
723
732
728
685
689
731
743
753
774
796
815
805
805
765
741
732
687
719
750
797
819
821
817
813
813
821
793
784
808
816
794
823
786
761
772
779
782
801
796
807
784
780
755
745
723
721
712
726
741
749
757
769
782
748
744
741
730
710
711
717
723
738
763
769
756
2196
712
720
727
747
744
759
771
747
743
745
732
720
704
702
695
704
710
729
739
738
765
782
803
800
757
763
760
757
763
773
779
787
782
806
791
799
784
792
763
780
752
768
776
788
794
780
749
728
716
697
697
690
693
691
706
699
694
700
705
693
699
699
714
729
729
739
739
720
705
714
706
726
727
739
744
757
765
759
738
747
736
730
735
731
747
764
752
758
781
764
756
751
747
743
737
724
733
725
733
736
749
759
750
740
722
734
737
742
740
721
704
699
712
721
715
732
729
722
737
749
751
754
746
749
757
737
721
717
701
703
702
699
725
730
774
803
815
838
832
831
785
1543
748
751
772
784
790
771
750
771
753
747
725
734
736
725
726
711
722
721
724
731
725
730
1439
708
714
717
726
740
746
771
770
755
732
723
736
732
717
724
724
727
721
722
718
710
699
1400
681
680
671
679
678
683
677
689
707
712
708
713
707
710
696
702
693
693
701
720
715
722
727
740
765
767
768
750
744
729
733
728
742
747
748
762
755
760
759
768
766
752
736
740
732
724
1448
1471
742
758
761
754
762
745
763
749
752
746
800
712
775
783
768
755
743
748
1475
736
729
728
715
719
715
719
719
731
734
747
746
748
766
753
755
745
731
739
746
736
749
756
763
764
776
782
784
745
729
705
702
1450
730
750
733
738
732
748
776
735
694
703
720
748
760
770
763
738
741
729
729
712
1410
733
778
844
857
874
875
858
852
839
805
790
766
748
737
737
749
759
783
772
784
820
807
832
812
802
783
780
794
800
804
811
819
852
833
792
773
776
784
787
777
761
783
792
809
803
780
801
792
764
773
760
755
743
765
767
786
804
782
813
801
807
783
1528
774
774
765
745
737
760
788
804
791
795
800
789
785
766
737
735
735
763
769
796
822
839
836
834
804
784
765
752
745
725
733
741
759
745
748
759
778
792
813
793
770
779
774
773
776
761
771
773
797
788
792
810
800
793
772
759
762
752
763
745
763
785
774
777
773
759
750
752
742
739
722
734
758
771
782
795
808
786
1591
765
754
749
731
718
703
680
676
671
684
670
687
690
707
699
688
680
659
659
668
649
640
643
641
641
656
678
711
751
788
813
854
862
856
847