577
573
590
1300
535
605
610
507
727
605
615
638
901
421
659
662
686
704
1743
791
2049
365
564
2705
602
780
706
1813
2743
1529
725
757
736
818
836
954
990
854
838
802
1646
812
854
867
852
853
878
843
858
880
837
865
871
861
884
2628
891
890
854
1787
860
2667
904
926
892
1867
931
956
899
953
957
923
963
968
1863
634
314
1834
1773
872
1757
853
903
936
896
1900
990
1016
2000
6716
976
936
1898
957
1860
936
1867
931
893
894
874
893
901
915
943
914
896
874
889
897
883
900
914
1765
897
1759
879
1684
844
849
876
854
868
875
841
882
1703
876
854
870
352
2227
876
2631
890
862
879
1794
899
912
1780
882
864
1729
856
876
920
1868
924
873
892
865
866
877
881
850
859
814
1655
1633
828
856
889
857
898
890
837
842
826
840
829
1630
824
810
799
809
787
2481
804
813
806
816
2484
746
691
1424
1440
740
691
736
750
850
1005
972
1883
889
827
837
3575
945
952
936
974
927
1839
882
882
912
906
918
899
2384
751
1573
771
816
1703
994
948
902
2858
991
938
933
933
965
933
1800
876
878
882
861
1805
1803
939
895
909
1796
1789
935
934
1941
979
941
1877
959
925
886
1672
840
840
1668
831
804
853
848
833
1602
869
885
852
873
854
1722
903
1718
864
815
1666
774
813
787
2374
760
772
864
810
790
731
760
775
806
790
816
762
838
791
801
755
771
1563
771
812
768
767
1548
776
2405
740
807
1537
724
799
752
811
771
944
1728
813
755
789
799
1612
763
753
759
744
729
719
741
754
729
704
698
735
724
742
1494
721
1466
718
729
784
804
813
779
1490
720
725
749
787
809
780
762
775
797
881
805
797
2979
743
746
753
728
727
725
724
748
744
781
774
767
2188
703
722
1440
732
787
932
850
877
834
813
782
778
777
799
810
1593
781
763
770
729
693
686
734
768
782
793
813
799
778
781
772
819
1622
824
808
1521
723
727
712
1479
742
765
1690
2404
789
794
4306
857
907
893
944
3551
920
878
851
849
854
855
875
915
2611
799
821
795
797
789
810
815
807
800
788
797
789
787
746
745
740
727
726
733
715
719
2134
740
754
733
765
780
770
760
802
1477
1473
753
755
774
783
803
797
781
759
800
818
781
813
2288
729
756
1532
1506
760
2445
794
1616
772
777
764
1509
783
792
1680
827
815
780
759
1466
727
725
738
755
821
839
812
770
770
762
748
1498
2308
744
757
748
1469
725
712
765
739
759
1581
814
775
795
773
811
740
728
742
1485
767
759
1536
796
781
1691
885
882
852
854
827
2396
771
801
2354
806
845
1626
803
813
790
799
810
1511
733
756
768
771
1549
770
769
767
779
1498
761
719
714
700
723
1437
725
730
766
764
751
755
736
1466
1416
1377
677
672
700
732
722
1453
729
722
728
722
686
1364
711
702
703
1325
640
646
665
2063
672
660
683
687
1421
713
690
706
722
774
741
733
710
703
715
761
781
765
718
742
767
729
705
729
719
747
756
757
754
747
1528
788
762
736
729
750
729
718
707
744
761
1456
705
701
684
694
688
741
728
747
785
787
783
817
773
729
734
760
777
740
718
681
704
695
1451
741
745
744
1441
718
708
730
732
719
708
701
693
707
716
716
712
711
738
759
1521
720
726
745
730
1476
790
826
2276
767
747
813
780
770
761
765
1712
829
803
766
753
760
754
739
739
1517
766
781
792
785
1499
686
1315
648
646
674
698
702
721
729
801
841
808
763
740
720
705
711
682
736
725
726
1404
664
683
674
698
719
726
1485
1422
1359
656
654
667
657
663
703
696
695
682
708
689
701
671
674
669
697
1385
675
678
695
678
704
688
698
677
664
659
1327
653
684
661
653
655
672
1319
668
680
667
656
675
652
642
651
686
686
701
694
721
726
746
1390
684
689
663
679
680
683
688
671
683
1382
672
654
659
663
662
665
667
692
678
702
694
704
707
672
667
1356
695
711
696
688
698
709
739
707
764
747
811
736
1438
1465
719
718
716
699
713
712
713
737
760
742
723
696
713
721
707
704
697
717
732
727
771
1500
763
780
722
717
729
789
779
1453
733
731
712
741
703
1316
648
690
730
1480
771
755
735
763
749
750
728
786
754
815
854
905
823
820
861
857
803
887
859
867
847
836
808
754
774
834
818
832
833
849
827
791
842
815
1659
866
899
942
994
974
986
932
885
831
824
801
796
1543
744
820
831
860
843
809
778
811
819
874
807
837
860
860
888
859
811
807
834
905
898
896
861
854
1663
830
863
874
869
860
843
834
814
1641
816
818
838
830
848
826
830
823
837
835
832
804
1710
825
829
772
821
853
829
816
849
842
826
769
761
739
735
715
737
751
759
768
777
788
822
768
1496
722
782
772
791
764
736
759
758
771
745
767
775
779
1553
834
780
806
761
777
755
764
795
999
932
869
813
771
753
756
745
754
738
710
702
697
747
789
782
853
826
815
815
1700
784
773
771
772
737
743
724
742
756
738
1446
739
729
721
732
758
751
1530
745
726
729
735
718
700
1387
710
701
755
744
770
759
749
723
737
747
735
750
742
745
727
813
822
764
752
733
743
719
736
741
740
1428
728
734
752
821
813
797
776
739
729
684
665
654
670
708
747
827
944
970
908
873
855
855
813
790
788
792
833
832
854
825
844
806
783
752
760
757
766
770
807
812
770
781
790
777
802
1574
785
757
749
749
739
780
802
825
801
834
795
809
796
780
795
772
762
752
745
740
810
806
807
829
761
762
760
801
774
764
782
785
785
849
808
796
786
774
786
789
774
807
813
795
786
780
784
778
787
805
825
799
802
801
790
790
797
803
774
782
774
769
749
777
788
821
815
811
779
756
725
721
794
806
777
926
925
855
825
798
823
782
819
824
806
770
789
771
779
780
769
804
784
736
736
718
737
768
768
801
761
803
742
756
778
799
838
783
867
821
832
833
847
827
807
797
843
814
804
800
750
726
744
801
874
916
1623
761
773
798
836
1569
752
774
755
795
811
790
790
858
861
869
806
798
771
803
801
806
781
738
757
704
691
714
799
775
771
742
720
687
393
292
518
942
777
858
849
806
809
797
840
841
872
891
860
895
899
941
993
1055
1011
916
913
872
882
882
882
884
861
821
828
771
775
842
818
813
849
856
813
815
791
789
800
759
737
738
760
761
776
791
782
803
772
809
790
788
783
838
800
819
763
792
781
779
734
733
744
763
780
772
773
730
734
750
729
724
751
765
745
747
729
746
717
701
676
679
707
693
706
709
775
774
729
735
726
725
709
735
784
896
754
727
717
734
718
719
679
662
664
688
759
743
780
806
748
739
727
749
748
760
746
807
746
720
693
688
715
707
702
730
740
724
712
685
682
670
682
664
718
717
715
739
770
746
764
758
791
761
763
767
750
728
712
691
691
706
703
681
704
713
687
686
680
690
701
689
718
710
725
706
722
698
724
712
743
770
750
795
742
720
747
754
769
771
783
774
747
725
723
728
757
766
756
777
755
760
770
758
766
722
716
711
744
720
724
893
815
744
702
768
813
878
854
810
747
695
696
732
754
793
793
795
784
879
918
896
837
802
764
754
702
685
677
684
683
1568
969
1075
1003
962
932
919
936
948
954
1032
997
957
1007
1003
910
891
875
885
915
877
853
799
767
738
741
781
822
865
938
941
936
1006
938
935
926
907
906
922
924
882
855
847
857
852
863
838
877
881
899
884
883
909
906
903
892
901
881
853
875
889
870
920
944
952
929
925
890
890
886
893
921
924
1871
942
942
953
962
963
950
928
922
910
901
878
869
878
859
862
874
887
893
894
892
895
907
897
888
888
870
846
854
854
857
867
885
866
870
854
875
879
871
866
845
841
840
816
771
793
795
861
852
854
783
760
748
729
740
810
740
782
774
844
828
786
779
787
770
766
761
756
795
742
729
707
714
708
724
734
759
813
783
851
795
855
776
817
770
854
791
812
763
806
770
805
755
771
742
736
778
747
797
740
727
703
697
686
710
760
786
749
744
725
695
688
705
680
661
666
724
704
724
733
813
763
813
772
742
717
741
743
772
729
1421
739
760
811
784
775
780
784
771
771
762
771
839
839
828
817
789
811
816
828
785
813
783
840
823
826
773
768
767
781
781
825
868
887
860
873
862
838
840
811
819
808
825
822
817
834
843
828
786
790
777
794
771
781
783
813
803
803
857
860
833
851
816
833
819
834
829
824
840
806
851
827
842
847
849
813
826
832
828
880
823
800
770
767
725
696
708
693
708
715
710
700
685
724
741
713
707
702
718
708
700
703
695
699
698
722
701
733
748
766
727
726
717
742
717
752
739
738
747
717
688
691
707
711
766
740
788
761
772
756
738
717
707
704
771
753
755
731
763
751
753
726
746
750
794
761
772
740
722
705
694
712
724
774
720
729
738
731
714
717
785
765
754
761
766
757
770
723
758
762
810
848
847
851
808
816
764
825
782
789
768
746
747
743
736
717
729
697
669
687
710
706
743
745
774
748
751
718
766
759
730
710
742
719
731
737
781
742
745
740
761
718
756
736
756
724
744
707
703
701
701
709
704
702
689
701
706
694
730
713
696
701
681
684
683
689
680
678
686
688
679
681
702
688
684
673
677
683
675
663
673
693
704
688
693
700
702
739
724
736
697
707
717
723
684
702
700
713
696
724
718
702
688
705
688
708
700
730
720
780
800
813
828
780
782
799
813
825
877
886
909
955
957
932
953
928
917
906
876
899
934
946
989
1009
994
944
913
952
946
917
1005
1032
959
927
905
924
935
920
960
966
937
959
979
974
974
929
953
953
960
969
964
991
946
977
919
906
897
905
880
892
906
894
905
879
894
894
872
880
869
865
852
848
837
838
875
899
921
894
944
905
907
876
857
872
902
886
878
907
931
920
876
878
865
851
866
875
892
902
864
861
861
820
817
815
802
762
756
738
729
741
734
732
718
740
761
786
743
780
769
779
768
804
746
764
734
745
729
695
666
666
690
717
702
744
745
718
706
717
712
704
719
728
717
702
719
743
735
720
757
729
735
709
761
760
816
759
839
763
830
749
800
785
821
791
776
799
783
789
740
725
723
742
737
805
809
770
870
883
862
831
834
814
822
785
761
790
789
820
797
797
764
743
740
781
753
801
837
799
812
828
787
811
806
806
840
886
965
918
834
783
759
748
766
782
802
811
771
866
797
763
809
830
810
769
768
743
760
769
762
759
732
833
767
740
718
722
694
685
695
691
691
673
675
691
705
697
711
720
729
716
697
705
713
709
706
704
699
697
685
690
680
698
702
695
684
694
693
687
689
676
662
660
645
664
682
685
665
678
669
662
647
642
646
648
653
647
664
689
701
692
709
689
691
713
706
696
685
714
722
715
742
735
766
722
732
715
734
762
757
769
813
755
764
759
754
772
766
753
778
797
794
792
802
793
803
826
806
767
767
730
731
709
785
788
810
797
805
766
787
774
799
769
789
778
764
818
774
833
801
834
853
850
794
817
775
766
788
801
806
827
913
844
865
824
799
829
797
804
832
791
832
831
868
862
840
810
772
766
789
798
838
886
790
756
743
744
772
815
783
827
824
841
809
810
809
794
827
843
813
862
850
875
871
867
860
855
876
806
849
841
838
862
873
847
929
930
911
912
918
872
883
855
828
878
880
911
904
869
857
878
877
920
874
897
860
889
932
970
957
1006
979
971
945
918
909
943
934
934
935
939
936
938
906
896
887
901
897
886
882
865
873
857
892
903
927
917
918
885
869
858
850
856
867
880
886
861
870
876
852
854
853
860
848
831
843
837
846
832
836
854
872
849
865
870
838
847
861
858
859
866
847
883
883
886
878
882
869
876
886
875
858
864
859
857
851
850
845
829
849
860
848
837
855
845
844
881
856
866
862
872
864
835
848
853
843
881
881
866
879
867
854
830
836
845
851
858
841
829
848
844
839
848
854
878
884
910
908
888
878
891
882
865
878
892
877
910
897
854
879
892
893
871
884
891
868
876
859
858
864
862
866
845
842
848
852
849
858
855
839
823
793
726
720
757
769
752
771
811
778
776
730
769
717
748
760
824
770
830
782
801
830
859
881
928
887
808
778
790
792
789
774
782
781
750
770
759
819
745
765
784
780
739
763
740
747
738
734
736
719
729
711
744
778
762
755
794
771
779
717
731
712
733
743
760
778
827
793
774
824
907
899
819
843
835
817
828
820
846
834
820
826
809
840
798
789
457
364
834
856
861
887
833
842
792
787
789
799
796
819
841
871
893
874
850
843
838
836
848
895
841
882
849
861
838
881
894
816
819
812
813
798
771
752
740
757
756
766
852
829
806
799
767
787
799
943
910
893
887
884
867
844
834
865
859
867
824
789
1575
750
757
735
745
749
764
743
765
777
734
734
762
755
805
753
806
837
854
876
855
849
816
733
693
1433
719
813
771
769
763
795
813
783
806
938
1037
1021
998
941
1020
978
979
979
965
969
924
877
779
760
809
856
890
922
873
853
795
744
747
804
848
925
938
946
938
898
849
844
830
843
861
876
866
888
916
914
927
934
934
939
936
949
957
938
910
903
896
862
826
840
832
816
816
852
799
799
837
845
834
854
796
826
780
850
813
816
864
884
868
827
817
838
859
950
963
933
919
909
896
897
869
877
870
899
847
826
799
794
782
795
794
855
811
812
804
793
757
791
783
806
766
799
807
771
799
780
802
764
831
780
814
769
818
780
839
774
837
772
836
785
862
831
838
790
810
801
863
852
846
808
829
805
781
777
764
781
863
817
813
808
835
836
813
801
801
785
891
942
921
953
933
890
844
801
773
807
840
812
813
826
784
793
763
774
760
766
781
812
839
837
824
757
731
704
692
700
730
739
762
734
753
715
708
732
736
760
748
757
735
715
702
697
712
699
705
724
718
710
724
736
711
718
716
692
687
669
688
691
699
694
676
676
680
677
678
670
666
654
668
665
681
659
681
651
635
624
632
628
658
673
691
682
691
711
726
710
716
708
669
676
690
750
738
781
765
776
749
779
778
844
787
801
758
819
820
827
800
759
745
749
728
702
698
721
732
731
730
723
721
745
736
737
740
740
713
732
710
711
682
680
697
696
679
729
743
773
791
756
745
724
730
698
704
707
723
730
715
726
715
1388
662
665
651
670
657
655
668
688
681
683
718
711
703
731
769
769
766
860
898
882
905
971
965
956
1034
1072
1011
971
973
953
923
951
926
971
974
976
938
895
916
931
939
927
949
976
949
956
935
917
928
948
959
936
955
981
958
982
981
960
940
965
975
984
994
963
944
855
805
802
839
886
965
1001
935
881
885
895
914
967
1000
1006
1045
1034
959
965
974
974
995
997
938
947
906
927
944
956
963
950
887
904
896
900
905
890
877
854
815
749
760
785
779
784
799
799
787
797
752
739
742
764
765
867
832
819
767
752
772
793
786
772
940
890
884
836
805
779
765
749
733
799
799
783
772
755
750
731
730
716
709
718
729
709
729
736
728
773
718
750
725
744
752
760
719
727
715
715
755
756
817
799
793
790
753
740
739
726
708
693
702
694
702
679
681
664
675
666
674
683
671
683
697
767
753
736
729
728
724
700
695
686
685
712
703
717
727
724
721
725
733
715
699
727
705
721
689
714
715
714
686
683
697
684
685
695
697
690
692
696
686
699
688
687
715
696
684
688
711
701
702
699
691
700
714
711
721
734
744
770
799
768
785
776
784
764
807
733
814
776
774
763
750
787
802
808
796
826
795
787
817
863
863
835
772
799
771
809
783
824
810
823
869
852
895
871
812
797
860
834
885
817
841
879
857
863
866
867
884
915
921
896
871
859
824
834
1706
797
799
792
795
821
818
830
891
865
900
855
860
883
894
880
849
869
891
887
852
842
915
910
931
896
907
916
873
869
900
904
880
868
853
836
795
800
783
794
827
825
822
817
803
801
804
835
815
780
737
715
743
774
778
785
784
786
831
797
805
819
847
838
823
845
848
887
856
863
871
935
844
838
852
834
890
864
924
834
875
829
819
863
834
811
778
808
863
847
921
918
935
890
906
874
869
870
922
960
954
951
899
960
930
983
991
1031
976
979
988
991
968
946
982
998
975
926
946
948
941
904
915
929
927
925
883
908
918
938
935
939
894
904
911
918
897
873
881
882
881
884
905
907
903
912
876
862
858
806
756
828
849
908
981
944
940
951
1005
946
933
915
924
922
902
886
890
877
874
852
896
922
943
964
979
980
967
963
930
917
933
932
917
901
862
816
742
766
799
811
799
857
896
889
931
926
862
834
896
893
920
839
859
828
851
804
976
1004
973
985
898
836
831
845
926
932
918
944
916
895
883
898
877
903
894
898
887
894
906
901
916
914
911
910
905
865
872
866
854
862
881
872
867
871
880
879
869
878
890
904
896
914
917
900
884
853
864
864
882
848
855
852
819
826
810
798
780
781
796
798
799
789
775
781
791
744
768
741
758
749
780
815
771
796
752
782
763
753
725
735
736
739
738
773
766
791
768
808
757
772
757
804
764
788
746
803
733
763
761
762
755
758
741
745
753
739
733
723
742
729
728
715
725
706
713
716
724
743
753
728
709
714
716
729
724
710
720
737
773
756
845
836
810
759
780
767
744
757
786
771
764
809
785
792
774
787
751
749
743
735
699
704
677
674
669
677
670
684
692
700
699
710
725
704
705
682
677
685
662
668
670
685
662
661
662
666
664
661
656
668
678
665
654
650
654
663
656
651
652
639
649
634
640
654
652
650
669
684
681
670
650
665
686
686
701
688
685
663
647
636
635
639
633
637
643
644
635
644
622
607
599
599
607
634
638
645
652
670
671
673
673
687
688
682
691
682
690
683
683
691
690
718
701
721
734
736
769
827
758
857
803
784
765
796
779
833
796
793
771
779
762
764
804
773
800
780
831
784
805
803
817
814
851
813
840
816
847
927
1010
1038
994
918
906
881
846
851
880
860
851
868
859
842
857
868
869
860
843
823
749
754
769
767
797
799
789
846
957
957
941
902
890
876
819
808
767
747
761
757
828
909
914
920
912
872
827
856
865
854
853
877
920
904
896
940
987
1038
1030
979
944
934
948
909
904
870
879
893
913
907
903
901
876
840
849
862
863
855
855
847
866
841
870
870
850
847
862
868
853
873
853
860
887
882
869
872
876
854
837
848
842
841
821
729
697
743
755
857
958
1006
921
894
874
834
827
852
834
795
803
794
808
785
894
819
817
838
871
822
845
814
774
813
824
813
834
823
773
761
765
841
890
877
831
818
839
830
860
902
877
829
839
923
852
880
926
955
980
1003
987
989
924
916
921
921
924
941
918
938
938
903
915
904
902
895
899
903
882
894
867
887
879
915
908
890
906
918
890
896
874
880
879
871
862
870
850
845
858
847
848
844
849
883
886
896
897
908
899
930
935
931
911
869
875
879
880
870
855
878
905
883
890
901
903
886
854
870
862
835
845
794
773
789
827
806
867
851
862
864
805
772
739
812
958
963
943
902
854
796
766
753
738
727
750
768
746
761
732
1401
680
730
742
744
795
931
811
806
767
804
783
783
761
755
745
794
822
792
788
784
796
764
775
785
783
782
1519
740
367
354
274
267
931
793
885
1013
1014
926
916
903
917
807
934
855
854
861
877
886
876
893
902
907
902
904
906
923
887
872
881
853
852
831
871
888
896
915
869
880
882
868
866
862
852
862
854
869
879
883
858
871
887
892
889
906
913
888
913
901
897
870
878
863
869
864
869
899
877
850
861
872
863
854
836
813
821
780
773
776
795
808
814
794
774
750
758
745
737
788
768
799
816
792
849
784
893
841
814
803
804
854
803
786
786
764
788
799
821
787
838
850
847
825
790
830
807
833
776
868
839
938
890
896
905
873
855
872
908
933
981
1035
977
870
819
817
803
781
771
731
697
707
771
789
823
917
928
892
852
817
848
822
845
841
853
901
842
825
861
836
830
819
829
804
771
821
831
806
791
813
837
831
800
814
811
828
798
815
840
838
866
922
885
894
883
896
835
853
835
858
845
817
835
828
857
844
812
848
828
917
815
872
860
855
839
813
841
815
808
830
830
812
808
837
855
839
827
870
849
834
849
891
900
885
866
913
900
833
867
896
821
798
843
875
882
844
854
806
885
831
848
815
839
845
816
862
887
950
886
863
863
891
864
888
905
909
884
900
895
882
894
938
909
865
910
871
871
813
823
859
845
822
813
802
789
810
841
876
859
930
947
934
875
898
872
888
882
839
882
863
920
912
954
902
930
904
876
836
834
867
891
914
971
962
929
882
875
869
853
869
858
848
840
846
854
852
854
871
886
871
889
899
886
854
879
884
864
870
885
897
871
886
891
873
881
873
899
860
887
889
852
854
888
891
864
892
895
912
879
890
896
913
896
906
903
904
870
899
891
886
891
912
926
896
916
926
900
894
920
927
886
886
892
871
879
863
846
870
903
914
873
897
891
877
866
889
898
866
894
894
867
882
872
852
863
868
880
854
871
868
866
850
869
864
896
863
891
879
872
869
893
914
899
918
922
872
895
897
907
888
915
916
919
897
926
936
929
919
947
925
892
899
896
880
890
893
878
872
885
896
872
879
895
871
859
885
872
858
870
891
909
874
890
906
875
876
878
890
883
886
907
891
884
889
891
871
882
887
902
882
892
904
935
903
930
947
909
920
938
928
895
917
939
918
912
917
926
888
909
911
877
881
894
904
883
896
917
892
896
901
903
878
892
886
866
891
901
886
875
882
864
873
846
730
685
671
686
739
749
779
843
789
759
729
722
696
731
754
810
776
769
885
851
830
853
929
902
867
871
873
873
932
907
923
895
876
873
896
846
906
882
891
871
856
896
895
924
963
887
866
843
838
886
861
868
886
871
862
891
884
860
853
850
915
897
893
896
946
944
920
908
972
908
938
934
920
933
887
842
792
1499
772
755
704
692
708
738
763
735
755
762
769
777
754
825
1108
3417
813
854
761
826
793
832
780
752
836
835
986
1007
953
901
850
830
833
825
798
824
829
845
837
883
902
899
913
961
994
940
939
938
977
988
909
939
905
896
857
856
823
807
794
775
788
779
778
793
805
765
733
725
726
720
729
699
684
664
668
700
700
707
718
728
741
766
749
751
729
726
726
745
728
771
778
803
802
805
807
759
764
765
751
773
771
770
748
721
724
777
780
807
782
804
763
814
762
797
790
796
751
779
780
781
841
753
771
721
736
760
782
759
753
775
762
843
756
768
728
713
726
730
723
723
711
720
702
723
712
747
769
781
806
763
705
689
699
758
741
763
744
720
708
707
732
734
730
738
776
809
893
830
811
753
744
752
727
716
726
759
834
807
847
901
824
803
789
765
791
782
757
760
767
768
762
774
784
791
806
786
786
780
763
806
747
725
699
734
730
755
771
772
747
749
736
716
738
719
764
786
991
1760
852
787
783
809
803
794
812
796
777
780
799
794
780
774
769
772
776
771
781
777
811
798
792
776
798
771
775
773
765
767
784
761
771
760
763
758
814
768
799
781
794
766
781
736
774
752
787
771
738
722
727
720
722
729
712
688
698
703
716
750
737
709
698
678
682
701
689
680
669
643
628
620
627
641
673
688
677
688
680
672
652
661
660
666
662
647
660
680
688
675
663
651
664
664
666
660
691
677
677
668
688
677
700
694
689
665
665
661
657
644
646
633
630
627
1274
606
622
623
648
632
625
656
671
692
688
702
700
679
679
700
706
714
723
737
701
702
698
755
771
732
734
722
752
771
915
874
786
765
744
733
707
735
735
734
751
801
793
826
771
786
766
746
736
750
753
761
762
809
819
782
789
789
788
769
785
809
806
805
827
815
830
882
888
869
859
824
844
854
832
875
895
857
889
892
912
948
920
922
849
839
819
851
833
853
823
858
857
848
852
816
808
824
832
831
825
842
814
981
958
930
927
847
804
766
815
791
818
825
849
885
825
884
845
877
809
828
819
804
820
886
884
861
822
891
833
840
841
798
864
868
850
831
794
827
806
798
786
794
813
805
788
789
781
789
794
854
807
816
826
770
806
746
706
681
690
722
726
765
801
815
789
778
743
730
723
721
719
711
704
724
747
748
749
727
717
747
774
783
790
972
994
877
823
794
776
751
758
788
795
807
778
828
784
789
750
726
694
717
715
736
765
871
869
828
818
872
820
801
782
776
788
803
821
815
809
784
793
798
771
768
810
804
833
852
791
840
734
776
742
830
797
833
774
868
766
729
722
731
763
844
808
794
1069
975
940
879
896
869
820
819
802
838
834
852
874
856
842
813
830
825
796
792
812
796
786
783
772
794
778
772
805
802
791
791
753
739
733
733
748
776
768
752
748
725
1472
694
731
721
729
705
817
823
812
768
771
715
683
697
733
730
731
774
910
877
792
775
771
756
745
729
740
743
731
746
747
771
738
737
722
701
688
684
669
702
709
705
744
752
774
732
759
732
752
723
693
665
652
638
626
613
613
615
624
627
649
654
736
762
732
706
680
660
664
678
697
686
697
675
668
666
674
697
740
782
775
722
734
724
720
744
714
685
670
707
935
964
924
860
883
901
915
884
875
833
725
690
699
729
757
811
854
1006
1028
994
882
885
890
940
938
944
946
946
930
948
940
933
956
977
959
958
934
925
926
920
869
878
869
883
889
865
854
866
865
831
845
850
855
872
869
872
901
918
875
884
898
898
866
880
894
913
918
907
899
897
866
862
860
865
844
855
865
882
879
885
887
862
866
865
820
841
849
856
826
838
851
851
828
848
848
857
825
830
849
867
826
826
794
753
743
770
772
750
770
782
962
875
867
855
852
880
905
905
890
853
891
830
809
835
839
836
822
830
854
923
815
836
816
825
783
802
800
809
802
812
834
791
776
780
828
784
764
821
785
826
764
824
772
928
813
757
755
744
771
805
796
814
791
915
882
941
861
848
875
938
939
894
936
863
867
862
851
809
812
828
874
813
850
846
930
839
847
810
874
797
819
813
850
816
825
884
879
824
821
810
846
816
815
829
837
815
807
800
848
851
824
874
834
828
809
842
825
827
806
824
797
785
843
785
903
911
898
883
840
796
810
806
804
814
777
812
790
796
805
813
819
805
807
831
883
785
786
725
779
841
927
979
899
819
841
826
922
853
873
859
855
837
857
873
868
862
834
819
847
823
883
836
853
801
851
871
899
831
841
801
850
804
802
826
835
838
864
894
874
876
851
836
814
837
835
820
846
874
885
863
821
839
846
844
836
793
813
842
847
844
857
837
903
835
836
818
823
809
806
821
831
803
797
821
814
841
806
772
777
788
787
762
785
796
769
721
706
681
700
801
754
773
894
919
912
904
885
904
889
950
894
902
946
946
896
883
915
915
886
947
971
879
869
876
869
845
844
879
878
889
845
881
836
867
807
848
866
838
850
792
803
792
812
880
813
825
811
850
842
821
782
756
751
749
731
723
725
715
781
749
778
903
823
876
812
808
790
779
904
863
795
792
788
806
860
837
806
806
816
819
883
815
803
828
849
864
967
829
800
794
756
797
820
779
883
921
895
870
870
905
869
891
792
781
534
987
744
744
749
743
816
781
765
738
750
736
709
685
702
833
853
940
962
990
980
938
938
935
937
958
947
958
967
948
957
945
894
905
930
925
948
946
927
954
953
940
928
915
903
909
941
941
897
928
947
925
955
986
977
985
966
957
951
915
870
891
902
874
887
881
844
844
837
860
854
810
790
812
797
837
859
863
948
993
929
924
958
928
909
906
898
867
872
861
891
871
883
877
882
885
885
855
867
864
871
886
891
886
867
875
892
893
867
880
884
884
903
873
868
861
850
846
869
863
870
875
848
864
876
844
868
851
851
793
743
712
726
728
748
771
813
827
827
840
787
813
847
843
867
844
860
802
826
782
797
776
849
832
832
826
917
889
902
874
903
834
844
846
829
788
745
719
763
812
849
867
871
906
855
833
819
817
804
830
836
807
846
840
882
893
959
942
932
867
836
842
846
819
814
830
813
814
824
823
825
830
893
799
833
803
813
798
843
792
841
788
820
778
791
845
838
813
794
783
781
773
766
839
773
780
783
853
843
795
825
769
806
786
842
808
883
867
825
812
746
729
726
732
727
728
710
728
730
750
721
704
687
680
689
694
694
702
700
682
683
672
666
657
669
687
683
675
666
673
675
682
683
673
653
646
641
642
648
634
635
646
653
662
650
668
681
675
705
692
712
711
695
666
657
653
640
642
1270
609
628
607
618
628
642
647
662
670
675
670
690
697
675
671
660
662
675
675
680
690
686
681
691
720
718
725
733
719
710
708
709
711
736
757
740
771
794
772
771
792
758
763
781
773
763
800
792
771
778
766
814
981
852
807
804
779
793
783
813
781
878
836
832
813
842
790
827
826
827
850
823
854
873
888
802
818
839
829
837
816
809
838
826
822
861
882
891
870
834
823
851
857
865
820
806
750
707
723
785
835
857
882
915
846
873
854
889
834
845
841
837
866
869
856
867
968
993
1038
992
950
926
940
952
935
958
908
937
938
909
951
951
942
943
912
911
903
912
891
881
888
864
891
882
884
882
887
886
868
878
889
896
888
891
878
882
883
883
864
857
827
816
820
790
834
825
852
787
772
785
777
768
811
807
878
870
836
832
832
829
797
789
767
775
757
737
816
797
871
832
850
861
868
876
819
822
810
834
787
817
786
811
854
911
920
871
870
889
855
876
896
914
873
872
810
854
841
839
865
829
809
804
779
829
827
873
830
946
864
899
888
848
840
853
865
834
780
772
747
752
755
808
783
779
732
749
688
688
727
764
892
838
780
772
744
761
729
747
744
769
787
928
929
944
930
899
932
963
964
911
933
936
920
911
904
926
952
949
956
963
945
955
957
946
950
939
954
940
937
894
909
909
913
925
893
921
934
927
895
866
868
891
887
910
914
903
897
869
752
727
751
771
800
827
878
900
1027
1054
957
842
753
778
898
1015
1094
593
1299
942
891
847
838
854
907
944
1003
1002
950
898
891
898
904
882
891
896
908
906
895
897
896
889
880
877
873
874
868
868
836
859
859
870
835
832
849
851
837
838
840
844
854
823
841
854
844
844
844
868
854
841
857
866
870
864
863
868
855
866
867
867
826
855
862
871
853
858
869
865
833
850
850
853
834
854
853
862
847
858
853
827
824
802
815
829
828
846
825
838
854
852
834
842
848
864
844
849
862
872
857
872
880
880
857
871
875
878
862
876
878
861
833
855
861
853
853
859
861
842
841
838
847
850
833
849
857
875
848
860
867
872
859
854
872
891
896
893
865
877
880
857
869
842
785
781
794
771
857
860
895
896
885
899
956
949
899
891
898
908
942
922
885
911
970
941
965
971
996
954
896
865
873
820
825
826
850
827
833
861
856
888
840
846
882
868
856
852
878
871
836
860
853
856
878
851
870
852
832
836
838
895
857
830
861
874
843
880
902
876
864
853
831
821
838
848
857
868
881
845
885
856
873
852
877
921
898
854
886
879
852
878
878
896
856
884
858
853
868
875
883
845
844
849
843
810
847
866
843
857
877
857
851
879
877
826
802
774
763
777
771
780
757
763
771
759
760
750
829
781
775
762
785
767
786
758
854
781
842
794
802
751
777
805
823
776
972
930
936
907
842
801
890
851
921
905
864
817
763
762
819
855
894
938
986
975
969
968
950
969
948
957
983
975
960
938
953
947
920
945
964
922
939
892
899
909
886
916
931
918
952
971
969
1015
975
987
981
994
948
975
972
973
924
927
921
916
923
929
967
966
956
929
935
928
935
927
929
925
920
907
885
901
896
912
910
922
938
930
900
887
833
775
745
752
815
854
853
833
783
778
784
843
813
811
793
773
749
713
718
736
788
862
872
864
882
895
884
894
893
860
870
880
888
905
917
900
914
929
946
892
875
852
851
877
896
877
919
915
888
900
907
890
891
890
868
883
886
849
864
867
857
856
863
845
856
868
881
885
891
857
843
842
849
842
856
881
897
889
896
881
838
831
832
794
820
848
836
836
836
852
853
830
843
889
869
854
854
836
809
828
841
804
828
819
817
820
805
804
800
811
847
934
894
850
799
820
813
815
854
845
867
846
830
812
775
800
813
797
847
850
875
874
810
775
739
741
708
724
712
704
709
721
715
724
707
710
682
668
667
665
685
684
668
690
688
689
680
670
668
671
668
660
666
684
670
680
682
681
680
694
711
680
687
686
680
686
682
698
685
666
652
658
657
653
662
655
655
634
633
629
633
630
610
629
630
643
668
662
672
673
676
678
674
680
689
681
686
681
692
687
712
709
713
729
700
708
703
700
718
721
765
738
744
771
732
780
781
751
779
797
797
844
991
858
813
799
778
859
825
831
791
849
789
824
813
790
789
779
784
803
833
827
812
826
825
808
868
831
858
771
763
713
681
667
705
818
936
927
949
897
890
875
882
889
896
831
854
906
962
1022
990
958
945
871
854
862
962
958
1027
964
914
920
916
899
875
882
870
896
896
899
924
938
927
938
921
926
900
912
922
913
907
917
906
890
900
917
892
925
939
915
888
899
920
921
920
896
896
874
868
862
881
900
909
879
896
868
855
861
876
858
891
905
913
896
888
881
849
844
825
762
742
766
768
783
753
729
715
733
720
749
728
783
742
761
752
811
755
807
723
721
717
718
746
786
838
804
805
821
809
799
797
823
796
797
786
837
857
816
871
818
810
822
794
826
816
850
822
875
848
847
823
784
833
799
802
787
804
800
773
795
812
814
793
777
787
782
815
827
918
896
883
934
939
899
872
818
855
845
871
834
839
851
892
945
943
847
826
821
803
809
816
807
879
878
887
859
864
850
813
832
839
839
848
827
933
964
992
980
944
923
931
925
956
970
932
942
937
956
945
964
942
908
917
905
923
903
918
900
929
926
890
914
924
913
924
936
911
916
943
948
945
951
930
894
869
883
888
910
902
902
909
887
885
890
912
890
894
896
924
909
939
933
959
914
924
927
920
909
865
848
767
802
826
871
880
892
895
854
890
801
780
776
813
842
838
826
807
763
737
750
736
765
764
725
732
690
679
697
708
735
769
761
734
714
718
718
722
734
765
754
756
759
813
895
1020
892
815
778
762
759
780
733
774
732
750
745
753
798
811
795
784
789
838
797
847
816
816
788
780
729
773
824
833
812
934
888
954
955
892
815
765
760
789
820
848
820
818
791
846
876
916
974
908
853
873
847
846
856
854
904
891
893
894
893
884
861
840
856
860
848
831
811
826
883
843
867
831
883
832
846
880
888
863
837
840
886
816
920
904
900
851
874
894
897
862
866
908
953
901
889
887
935
852
926
895
928
869
933
891
893
831
877
895
885
914
927
880
831
857
869
848
835
847
857
921
910
944
942
903
888
892
877
868
869
914
844
889
875
893
848
856
882
900
856
854
894
888
865
862
872
877
852
818
869
844
846
854
848
837
822
861
909
944
937
870
883
901
839
851
879
896
864
897
888
909
849
909
869
908
844
889
866
854
816
852
800
796
810
881
873
862
846
845
854
821
878
869
878
967
996
993
994
932
894
899
911
924
916
931
943
906
918
930
922
882
880
900
907
883
888
931
932
907
939
950
950
920
934
938
918
910
927
938
927
924
931
901
892
875
849
854
868
859
878
906
920
899
891
929
918
888
879
905
921
940
912
913
928
947
921
930
943
939
906
941
945
936
946
928
920
958
933
935
943
946
906
915
921
909
926
920
932
891
902
897
887
850
851
801
725
730
744
757
798
822
734
875
812
797
758
739
701
693
716
749
763
736
716
707
686
720
752
770
788
777
783
806
831
832
831
769
777
768
809
802
774
805
800
792
786
792
1050
990
969
967
920
959
969
954
905
889
829
735
730
748
777
859
912
942
923
940
950
953
892
831
819
826
835
886
877
908
847
822
781
751
779
790
844
833
791
818
849
881
865
845
980
994
939
864
819
759
726
1516
725
754
763
787
763
918
935
922
900
917
949
957
998
996
933
940
898
890
893
886
928
943
948
942
907
920
915
946
950
891
905
855
846
823
762
764
772
786
829
852
881
937
935
905
889
916
913
981
928
908
912
871
866
881
893
905
876
887
879
884
865
863
859
883
892
936
948
900
917
903
893
867
912
921
941
946
986
949
920
938
952
937
886
896
894
888
895
885
871
859
819
741
756
744
805
818
866
875
866
845
843
854
814
802
770
773
795
851
942
921
922
921
960
948
922
979
939
988
917
866
831
886
948
948
935
886
938
920
948
923
947
938
946
924
926
923
938
921
917
891
878
882
892
891
904
901
912
916
886
886
884
892
892
918
909
913
898
890
877
897
898
910
902
898
912
873
870
884
876
889
891
875
861
844
824
854
870
838
864
872
861
863
848
768
738
735
740
769
740
716
685
689
679
870
879
914
856
787
796
807
783
766
732
729
751
767
791
773
812
797
771
771
771
814
1068
929
880
828
805
803
773
806
788
756
734
835
891
889
881
882
900
894
890
905
862
874
853
889
863
910
935
963
1022
1025
960
934
918
908
920
913
939
926
948
951
896
900
917
908
920
942
924
917
916
915
927
893
899
930
932
943
905
931
916
927
930
917
935
923
907
911
926
930
895
899
905
911
882
915
922
903
922
921
948
935
922
899
869
819
744
727
739
785
792
827
850
857
861
861
917
955
1005
1063
1083
1003
966
960
955
964
933
960
961
966
977
954
963
962
964
940
949
933
908
907
899
886
886
903
896
895
912
920
928
939
900
891
898
920
897
908
928
909
932
934
916
935
931
894
901
903
904
886
879
891
904
896
882
891
912
910
897
919
936
936
955
932
897
918
912
896
882
893
888
859
871
878
874
870
833
765
755
765
800
810
826
810
792
793
792
799
789
762
781
833
927
914
894
922
854
918
905
923
878
890
829
788
737
739
813
878
911
927
887
852
844
868
893
889
930
886
879
863
891
889
879
943
928
923
918
941
940
914
897
904
941
905
933
938
935
911
936
940
931
924
912
881
1817
905
896
908
922
931
945
943
928
925
944
970
920
943
958
937
975
969
938
956
945
941
934
941
937
902
902
914
915
901
929
929
907
920
910
913
905
893
919
940
905
926
935
901
864
867
838
832
820
812
807
764
776
805
809
840
810
809
784
763
775
804
895
958
1020
1030
1019
948
922
870
899
911
911
868
802
749
735
714
726
721
735
734
760
788
852
825
811
849
786
788
739
740
749
815
870
796
897
866
825
770
737
721
717
740
729
688
703
766
803
801
1004
976
970
903
891
869
912
932
947
925
923
907
896
876
892
900
924
964
957
957
961
962
971
970
971
920
912
885
854
879
880
926
955
974
948
938
917
937
952
990
917
938
935
945
942
931
634
294
902
895
900
938
966
981
963
949
961
980
981
986
1005
977
961
957
940
954
948
967
1002
993
1004
1000
1009
984
944
970
979
988
950
958
962
973
941
938
960
942
912
900
883
925
919
925
899
913
905
909
888
921
919
897
879
832
775
778
739
745
812
816
838
858
808
804
796
811
812
854
818
842
854
915
944
910
860
873
896
924
902
868
820
807
813
814
848
841
861
899
892
837
840
810
783
760
749
733
741
729
734
738
772
765
761
748
713
716
706
724
745
733
754
760
778
776
773
766
734
737
713
734
737
729
735
731
770
740
764
840
938
864
806
786
752
729
736
754
750
755
771
820
779
810
740
747
730
757
811
788
779
797
757
756
775
771
764
773
783
801
763
781
771
764
770
769
758
757
742
824
744
769
727
747
736
733
727
741
763
811
749
759
737
721
712
748
782
786
808
818
738
734
717
727
711
740
768
816
863
850
880
873
832
811
799
759
765
786
791
787
815
826
846
802
793
790
765
757
776
812
778
769
724
724
737
729
742
744
744
794
764
763
745
865
800
794
803
813
826
792
803
735
730
744
771
795
921
969
949
910
890
828
771
741
748
769
852
840
797
766
765
750
754
728
725
727
739
753
735
730
716
738
709
718
732
727
737
745
716
725
692
700
691
715
729
752
760
739
729
715
714
730
720
712
716
720
509
929
681
676
669
671
672
660
674
680
699
686
689
683
691
727
713
710
716
698
703
712
715
710
746
716
725
728
726
758
807
758
789
770
755
764
744
763
830
756
843
761
790
818
830
843
863
832
906
883
843
847
836
826
798
807
826
826
813
891
869
853
822
758
736
806
869
896
900
913
877
877
852
898
906
899
983
1008
979
1005
999
916
927
920
948
955
927
957
936
974
971
980
953
909
913
903
911
918
938
912
934
962
936
924
951
948
932
940
920
938
937
929
922
930
918
919
914
916
908
902
915
917
923
928
947
930
921
932
928
902
918
893
898
880
894
896
904
880
891
881
901
931
931
894
912
883
876
896
903
942
914
928
886
831
835
848
853
819
816
819
835
866
826
803
783
815
807
800
815
854
970
958
976
908
894
887
857
879
886
909
894
892
890
881
896
878
884
869
865
872
845
855
860
852
880
891
909
916
896
901
921
902
929
921
898
902
897
887
887
857
821
749
703
782
813
834
860
866
902
905
884
811
806
831
824
794
880
806
886
764
776
771
809
810
806
800
818
795
780
759
734
762
769
784
781
792
827
902
848
824
820
910
857
825
841
891
857
889
871
840
841
854
860
870
841
837
806
787
813
854
818
798
909
802
792
762
793
771
788
799
830
840
783
747
769