783
809
821
771
798
784
759
727
854
874
750
763
764
718
741
746
720
776
699
667
701
703
729
675
693
698
725
735
3275
8520
799
828
813
759
787
812
810
774
812
836
1545
1602
695
680
672
688
669
697
722
711
454
940
860
910
863
864
802
687
861
725
707
717
721
721
714
696
672
661
663
693
743
791
853
838
794
813
821
836
826
812
821
763
768
740
755
740
795
810
798
746
843
832
819
792
785
771
754
789
802
794
749
766
768
798
749
776
790
823
763
835
849
841
794
772
720
680
677
688
673
702
736
776
730
766
740
671
729
700
715
713
669
648
740
751
748
756
755
745
728
713
691
683
676
681
692
696
739
789
820
842
816
801
782
767
785
786
772
735
787
807
815
756
805
796
795
749
781
784
743
768
788
804
798
780
787
773
712
747
740
729
710
725
725
725
742
746
767
739
682
692
686
689
686
679
674
669
668
651
665
691
659
701
753
820
834
830
845
812
762
727
698
677
659
645
645
649
680
717
773
810
771
729
797
844
769
825
818
823
748
775
781
782
740
791
784
809
745
777
780
786
716
740
819
869
844
803
771
783
748
761
757
786
792
733
745
740
724
724
746
781
786
783
801
801
726
756
719
761
744
785
772
796
756
774
778
736
751
745
688
698
689
695
706
697
693
680
698
730
671
690
697
715
681
700
695
722
731
723
710
713
674
719
766
788
780
751
805
827
848
785
810
802
810
800
823
840
808
809
804
803
763
830
824
817
819
850
849
348
1847
640
637
637
645
668
668
685
705
708
699
665
645
624
618
641
664
670
328
409
1462
688
715
739
759
758
747
705
690
678
674
654
666
677
644
644
655
697
698
689
663
666
615
766
733
753
726
689
669
647
636
636
634
665
724
762
742
824
818
728
738
988
950
903
862
750
767
740
744
731
792
821
850
773
854
841
806
797
781
752
812
801
800
732
756
734
757
706
748
774
796
773
837
847
794
807
728
801
803
823
743
816
792
799
810
826
851
805
837
844
786
773
751
744
686
703
713
736
723
754
750
772
754
748
761
730
770
764
751
696
749
770
788
752
828
836
825
798
818
826
767
771
783
773
737
775
743
771
780
786
736
765
752
754
724
687
695
692
704
719
718
740
675
664
683
697
720
701
685
670
649
626
624
623
645
691
692
685
657
850
981
917
871
822
763
734
708
691
672
668
687
703
713
720
766
774
782
779
741
732
737
736
749
749
744
562
430
262
883
853
1295
4122
742
714
716
695
700
698
725
739
743
764
786
778
761
764
747
748
698
701
695
775
786
787
758
740
724
689
670
646
642
637
658
689
705
803
903
916
909
939
876
845
803
765
688
657
682
696
763
714
783
789
795
705
738
727
765
764
729
703
682
660
655
641
660
723
821
888
806
805
825
866
861
754
738
734
727
707
680
698
704
733
719
780
819
839
451
388
789
823
797
789
779
1368
654
635
640
666
714
766
814
878
902
882
849
837
837
818
781
759
723
698
698
607
1099
301
626
627
613
644
694
730
739
766
771
792
787
739
736
684
658
686
707
755
808
801
784
734
730
752
752
736
709
775
850
888
925
973
957
886
666
1563
666
645
672
688
769
809
763
750
636
258
567
702
694
686
656
673
694
730
742
738
727
732
728
736
734
704
721
728
725
737
737
713
768
868
870
842
806
748
746
727
708
696
733
778
786
796
828
864
882
872
764
741
683
677
675
762
778
810
781
716
779
802
839
870
826
780
747
717
723
710
724
684
746
867
874
895
785
731
774
768
723
672
642
641
659
687
719
735
757
740
726
731
738
768
759
802
848
871
904
915
822
754
750
791
793
809
755
761
770
771
762
757
749
735
713
671
658
795
815
806
842
835
839
731
750
729
690
670
643
727
761
760
764
778
762
752
733
729
755
758
766
787
798
817
820
827
723
729
762
818
830
809
824
832
844
742
782
781
765
742
702
725
715
716
731
729
664
696
704
729
782
785
723
796
828
854
855
811
772
745
747
710
711
701
837
921
930
883
848
775
729
709
704
715
718
674
693
715
764
766
772
753
696
716
724
756
795
707
763
732
761
785
748
741
692
658
666
682
772
809
819
798
801
795
758
765
753
746
611
789
689
722
253
404
934
2357
688
735
755
760
781
771
751
753
752
1511
808
785
824
851
844
806
688
691
704
745
314
508
803
789
748
750
768
771
765
771
755
739
766
792
800
784
721
690
679
677
708
729
771
775
810
813
787
782
773
772
761
690
717
731
790
788
805
736
788
807
793
739
738
764
775
736
750
731
728
706
693
685
677
716
742
805
748
797
827
870
831
787
1509
717
714
720
729
746
731
713
725
733
747
767
687
729
803
768
829
861
855
798
723
725
696
698
694
711
717
714
720
713
695
722
751
767
763
764
790
785
770
761
741
751
777
782
798
749
786
822
841
781
850
861
863
791
849
889
840
766
800
828
791
807
735
713
771
701
743
738
734
700
679
658
683
699
764
813
824
793
797
776
726
709
737
748
759
720
773
797
785
742
725
713
710
684
711
755
792
797
763
691
658
813
940
883
871
829
787
769
744
721
701
678
674
666
694
747
811
835
879
860
847
820
810
793
783
782
781
775
739
752
745
743
741
744
747
766
739
744
761
782
766
762
736
688
660
657
707
771
799
781
737
766
768
702
711
711
735
742
740
704
695
690
672
677
696
727
754
781
769
731
734
717
724
706
729
744
773
747
729
724
675
654
654
631
649
543
791
632
647
646
665
672
686
681
678
700
706
707
712
727
719
787
801
818
747
752
806
830
871
870
801
810
827
819
817
790
758
752
746
749
771
782
738
818
780
785
790
714
750
809
816
803
797
695
701
689
690
710
694
693
704
729
785
770
832
783
802
853
844
777
779
799
690
712
722
735
763
762
771
751
726
725
743
722
719
742
783
727
797
819
831
811
837
843
788
790
776
770
765
812
832
840
795
702
705
706
735
725
726
718
740
714
771
830
800
812
814
782
784
846
879
807
799
829
828
788
800
806
747
778
808
821
765
783
819
736
796
837
863
840
807
750
725
705
698
671
709
744
794
903
941
890
902
909
860
843
863
827
796
798
810
781
734
732
673
688
688
737
691
748
796
858
828
783
762
743
729
708
693
681
655
674
700
852
933
955
825
769
824
769
737
721
750
766
702
781
836
817
800
799
763
757
727
784
820
781
747
797
819
761
758
785
775
754
780
814
825
825
811
711
750
805
840
878
851
802
766
729
720
737
770
816
836
850
834
819
802
818
761
746
740
763
779
764
750
738
719
704
670
688
686
728
821
917
918
866
863
863
824
774
788
796
767
771
703
730
763
822
835
832
801
783
743
715
701
691
675
663
648
745
788
797
730
794
790
789
794
757
721
754
781
814
852
871
842
859
829
835
868
892
821
829
816
780
761
700
709
711
768
791
774
744
717
692
675
649
641
652
705
847
869
932
921
878
801
752
707
698
694
698
687
691
671
696
1011
972
908
876
800
731
718
702
670
647
676
689
782
806
722
729
826
843
846
856
842
825
811
796
773
789
788
721
744
755
772
743
751
757
778
777
764
731
741
785
814
749
733
731
747
773
744
765
739
728
707
690
645
654
666
698
771
773
754
810
860
855
851
858
840
813
782
765
763
756
753
761
771
684
752
797
898
905
860
810
764
727
695
669
670
671
686
678
702
669
683
675
668
701
737
758
765
763
750
696
672
652
655
671
675
669
706
754
780
783
783
780
767
770
772
759
776
772
782
785
783
784
745
754
750
795
805
797
768
723
740
794
812
834
853
850
808
789
776
721
732
806
827
831
759
758
756
750
709
719
725
764
780
790
776
764
701
710
694
692
670
671
676
716
785
781
774
760
735
707
693
690
700
689
674
658
646
678
745
776
796
800
821
762
737
688
681
665
687
709
740
743
746
741
738
735
752
796
817
816
863
907
830
830
841
840
770
711
742
797
837
828
805
768
740
688
685
660
670
699
702
722
777
765
819
857
869
817
811
786
771
781
757
721
733
713
718
763
780
764
723
767
719
679
740
787
774
844
719
704
747
760
690
664
676
873
830
823
790
777
759
720
685
664
657
678
690
698
734
801
852
866
884
846
823
792
730
683
664
655
657
661
654
639
648
661
674
680
703
697
692
685
803
859
875
863
803
784
730
686
682
672
705
742
739
712
681
718
733
771
781
802
804
806
794
790
811
812
793
815
859
909
917
882
835
782
718
705
736
787
794
768
800
803
779
772
775
765
783
788
792
814
831
815
821
806
794
810
812
802
802
809
791
751
754
754
741
766
781
789
734
749
771
771
777
774
793
794
756
772
782
795
746
789
800
793
742
777
724
782
800
824
809
771
710
702
698
704
703
689
698
668
685
694
735
732
688
660
662
662
653
640
660
688
704
712
701
692
671
645
639
642
650
664
674
708
741
767
742
812
851
846
844
758
783
789
737
743
762
795
786
755
781
775
738
729
700
739
801
832
857
818
786
733
734
724
758
765
797
788
789
765
753
731
704
694
694
766
778
758
701
697
705
698
660
678
686
694
706
715
722
726
681
656
672
732
807
835
827
806
792
741
701
680
677
697
777
824
853
818
814
795
783
776
757
770
769
760
728
721
734
757
778
750
761
731
746
733
694
672
714
739
710
761
762
771
695
726
733
785
784
763
725
787
848
846
758
775
803
833
791
824
836
820
722
726
711
720
725
686
670
665
656
665
687
685
672
674
699
730
761
737
731
703
694
686
676
674
678
686
709
756
832
884
888
880
847
785
799
788
838
838
820
762
754
740
720
758
796
823
823
806
827
803
744
806
761
746
707
930
896
846
817
783
755
738
712
678
688
660
681
758
843
849
828
845
858
851
819
782
771
782
789
780
757
761
758
370
402
797
886
786
455
1152
807
787
824
813
795
744
723
716
697
702
738
735
735
726
573
797
678
652
663
683
702
701
691
678
659
646
646
652
720
769
774
761
769
738
742
742
704
661
655
723
782
817
845
811
765
728
710
703
785
778
719
734
745
707
722
763
783
776
762
762
763
754
760
776
724
766
826
818
802
759
778
787
781
760
743
705
668
682
677
719
751
759
794
778
746
711
671
669
675
713
726
729
736
698
691
714
738
762
768
760
751
730
726
721
707
701
687
672
660
660
657
677
680
684
687
698
702
715
693
663
690
751
750
714
737
730
725
709
726
771
771
760
747
777
769
772
726
743
751
762
758
747
762
788
784
744
703
859
923
911
875
833
810
783
751
703
708
708
725
725
735
757
790
794
808
785
753
750
757
761
807
827
821
794
800
805
787
711
733
731
811
734
752
753
771
765
756
762
782
751
738
730
719
721
730
770
780
751
764
790
769
777
797
775
789
762
742
761
801
801
823
813
821
823
788
796
808
823
766
830
827
816
771
802
785
714
745
720
741
779
768
762
758
753
763
734
729
739
732
737
741
758
753
754
800
812
792
813
762
696
729
766
789
751
767
762
735
729
728
717
727
705
688
694
745
819
775
801
856
849
852
807
820
813
781
765
740
744
770
768
715
811
861
839
894
861
833
828
838
799
795
773
772
722
744
758
770
767
762
769
732
771
761
709
722
703
708
695
688
690
664
674
690
737
765
775
776
786
787
793
767
714
757
760
785
800
717
697
704
745
773
767
767
786
812
787
763
736
691
701
736
787
805
753
788
829
853
803
822
817
806
759
721
749
771
779
762
705
756
741
677
761
758
757
748
713
691
661
691
696
706
708
703
709
693
688
681
678
662
675
690
703
729
793
846
874
905
966
949
900
805
807
786
758
743
738
757
736
770
749
813
741
831
872
832
771
799
783
751
776
792
788
775
860
805
826
876
874
900
912
816
849
825
812
786
703
739
774
805
809
833
864
850
797
819
810
776
802
768
733
763
781
701
765
785
780
759
817
838
824
786
812
767
772
729
787
838
851
813
826
824
839
772
844
847
821
872
853
842
822
830
772
811
815
804
757
808
792
782
754
809
831
817
817
833
797
813
850
854
796
827
865
748
773
737
707
753
791
797
735
688
716
719
768
776
767
797
823
762
765
750
799
798
770
783
793
801
833
841
746
740
761
769
756
775
770
795
771
785
783
797
817
813
799
741
778
803
786
832
808
803
770
777
793
730
762
814
825
824
826
833
812
779
771
697
685
703
735
738
730
701
691
676
678
708
771
818
849
819
810
838
845
837
716
747
813
835
813
748
811
799
823
833
827
750
752
746
750
744
748
750
759
783
833
802
776
788
727
781
813
820
795
731
739
734
731
694
666
735
805
802
773
732
732
729
720
721
747
758
761
776
770
760
761
771
805
825
818
795
797
810
785
831
844
846
833
776
776
785
807
771
758
771
772
806
799
820
729
754
787
799
767
766
717
744
729
722
806
818
841
859
838
859
821
806
798
794
780
734
715
723
745
771
739
752
729
769
790
762
745
723
681
666
678
695
800
780
756
738
752
794
801
819
761
753
733
697
665
698
725
748
757
814
819
828
837
818
815
770
727
732
758
705
747
734
766
777
765
749
738
729
747
724
790
746
717
747
767
808
779
766
769
796
790
778
766
781
784
767
816
830
806
762
803
792
753
813
825
850
780
781
791
818
775
777
787
722
790
806
814
811
900
927
876
868
842
807
727
718
711
751
794
808
776
785
777
750
779
785
767
768
764
724
728
789
898
902
852
920
919
833
835
813
756
774
796
774
762
809
790
770
748
688
675
683
720
712
750
783
770
759
776
785
809
752
791
784
722
683
679
742
800
807
813
793
783
778
742
746
698
747
776
819
842
898
841
790
778
788
758
729
705
658
648
642
646
649
648
616
635
633
672
727
738
807
815
826
799
820
837
798
777
740
714
711
695
699
682
738
853
984
1024
1044
979
922
854
804
764
747
771
836
798
775
819
844
848
816
836
816
792
784
767
761
743
777
792
788
730
719
742
768
837
846
800
754
688
719
736
761
790
798
804
854
840
830
856
837
785
778
815
766
805
857
865
792
813
807
774
804
820
784
814
799
787
752
859
869
755
714
849
905
890
827
866
886
809
850
925
929
852
950
915
857
931
961
870
841
822
842
819
887
945
875
875
878
854
798
886
908
911
888
870
836
784
818
782
756
761
799
823
807
800
813
854
819
882
841
831
787
795
761
697
717
723
794
771
750
748
728
708
694
702
675
676
667
681
694
696
705
676
698
729
794
796
813
888
917
856
813
834
863
820
838
855
878
828
866
910
869
851
877
911
875
958
942
827
815
768
776
745
763
753
753
698
722
766
779
765
745
776
798
819
781
806
834
771
765
751
736
683
688
898
880
856
851
820
762
734
712
689
659
624
646
687
744
851
870
899
879
813
794
799
811
774
753
731
758
769
780
802
813
790
793
781
790
766
726
743
757
750
762
745
729
721
707
699
688
714
758
774
785
777
756
733
760
760
760
748
805
797
807
801
814
792
775
792
795
714
741
746
774
744
752
740
716
697
680
666
642
656
630
632
653
656
681
682
681
683
700
686
684
670
659
670
656
693
690
757
762
709
686
655
704
723
761
751
750
739
683
702
703
734
735
770
775
760
776
792
793
854
859
845
830
838
834
806
742
768
751
729
785
808
772
770
773
727
730
697
677
747
767
804
801
766
719
690
679
667
687
718
738
775
782
793
830
803
721
754
737
768
754
746
681
676
672
678
691
685
675
674
672
647
648
655
687
753
780
758
732
733
709
698
681
690
693
691
690
681
685
677
649
650
662
693
718
714
718
691
728
680
781
810
896
875
770
758
751
755
747
729
715
709
718
720
748
771
777
775
781
791
752
720
690
661
650
647
693
743
744
673
708
698
717
740
721
696
687
651
644
632
635
646
668
658
697
734
756
787
804
796
818
910
940
926
856
893
900
820
855
863
842
780
878
902
899
878
812
802
848
857
820
791
776
723
717
737
786
796
807
801
771
823
837
817
806
817
811
758
774
779
784
779
827
815
815
826
859
793
793
787
738
794
819
816
799
788
794
788
744
752
761
753
754
772
796
785
826
830
837
779
797
772
720
785
813
751
823
825
856
799
740
741
740
722
774
784
806
781
802
800
766
769
787
831
817
877
941
903
891
859
832
773
711
714
810
766
767
790
798
772
776
771
733
749
764
739
737
766
813
814
824
853
861
782
792
779
805
794
806
821
760
789
794
774
778
779
783
736
774
782
777
747
793
775
803
866
896
885
875
855
792
802
810
810
761
799
793
793
832
822
766
792
769
766
785
779
723
697
756
756
806
812
787
752
746
742
750
742
777
786
783
793
795
822
812
831
854
837
776
779
795
786
725
789
793
774
806
835
853
788
830
803
744
764
750
751
709
752
778
771
749
816
834
812
804
810
803
769
782
785
758
762
789
776
824
816
775
730
723
719
693
688
699
725
768
781
773
741
699
717
683
672
761
782
793
761
806
771
771
757
696
720
738
819
813
798
757
816
795
807
788
824
836
793
800
814
849
804
824
832
797
805
820
820
740
766
773
780
726
778
799
842
869
780
796
822
768
810
798
771
711
735
731
747
713
788
804
777
755
811
815
771
829
859
813
790
788
797
744
763
793
794
762
839
850
789
797
813
813
759
829
792
727
711
703
1058
992
942
910
884
824
764
736
715
712
688
689
706
719
749
784
740
751
752
774
783
771
760
732
716
706
694
713
746
774
797
799
774
790
767
739
761
760
781
804
800
817
803
775
783
796
771
762
775
780
742
790
770
803
764
781
787
769
711
743
742
742
709
766
748
748
725
748
771
739
797
792
796
777
740
723
688
693
697
712
700
667
661
659
674
680
677
669
657
642
637
642
638
670
699
664
695
733
767
696
684
690
680
663
641
625
615
600
589
579
601
678
727
746
752
795
777
710
727
781
766
739
742
722
729
750
743
739
730
721
687
670
658
658
674
702
760
707
893
935
896
866
900
856
832
822
802
762
734
735
751
765
764
802
813
860
850
878
873
809
871
877
849
817
803
766
795
788
788
823
823
817
813
810
760
736
695
689
661
646
637
624
668
748
781
777
750
800
824
812
746
733
733
751
749
762
742
709
710
736
771
706
699
724
732
730
752
751
746
717
693
683
688
659
687
729
837
849
838
737
806
846
823
818
807
749
697
710
746
775
810
803
793
802
780
768
762
770
792
822
827
793
840
851
855
796
815
813
817
771
786
791
803
764
780
751
772
749
773
743
703
724
705
769
810
816
776
712
717
703
714
719
715
708
699
700
700
700
683
692
712
711
781
785
844
698
692
963
946
895
765
735
696
682
652
642
665
663
666
664
665
673
684
734
793
791
778
768
726
715
701
699
693
707
736
811
809
858
917
835
805
783
762
686
714
721
756
788
780
828
855
876
818
838
804
799
753
805
823
825
779
819
840
821
822
843
830
785
808
784
756
792
832
867
828
778
748
709
705
715
731
759
832
820
818
851
878
876
798
787
774
785
787
772
750
792
778
767
822
826
756
759
745
715
747
742
743
699
726
729
778
746
794
810
816
718
853
861
862
795
832
891
887
918
961
894
834
795
717
695
680
691
727
807
835
821
760
802
777
743
705
703
686
716
729
734
790
790
821
802
782
716
688
664
664
681
651
682
688
677
657
709
1004
932
819
773
749
727
723
717
688
688
704
714
728
756
790
842
839
851
831
838
829
757
769
788
820
861
899
890
847
795
740
788
799
838
792
771
767
775
708
701
769
796
809
835
848
824
811
780
748
675
724
713
755
813
794
781
765
739
715
685
689
691
1462
752
736
791
945
947
872
871
844
801
757
749
733
706
646
644
653
648
723
863
882
894
904
904
846
816
771
770
752
693
703
744
838
847
873
830
850
875
850
880
880
805
847
855
795
771
845
882
795
851
853
777
829
828
786
743
846
852
911
904
817
811
797
774
774
782
771
757
745
778
717
730
832
820
808
786
795
784
694
674
685
701
741
804
803
833
791
697
753
766
835
871
857
784
696
673
675
716
836
906
934
940
894
849
820
787
776
813
791
769
772
761
772
753
699
773
845
923
989
966
875
818
781
736
701
677
716
773
818
834
768
823
852
851
837
820
813
775
780
764
796
818
831
848
795
825
843
863
859
882
929
939
814
818
825
812
719
785
776
773
706
787
783
812
822
784
819
832
851
811
833
832
813
795
824
850
850
771
804
846
885
938
841
875
884
877
779
830
841
834
736
760
788
795
805
771
722
729
739
724
705
689
680
640
659
647
676
698
713
744
767
751
677
669
666
984
960
889
831
816
771
727
698
667
666
649
650
677
705
753
790
796
834
849
867
854
852
835
832
837
850
828
860
886
884
780
714
805
838
905
924
836
867
889
914
815
857
867
893
807
842
824
827
782
862
917
849
890
881
858
782
812
853
806
771
799
831
835
805
834
854
781
823
839
854
782
818
857
877
787
837
867
860
824
863
906
761
749
794
793
823
779
799
801
821
809
794
820
851
819
843
856
858
798
843
860
847
804
835
825
773
811
832
821
868
940
956
872
927
904
806
833
818
827
769
813
865
932
851
899
908
837
873
876
790
805
818
877
784
854
891
802
825
820
820
827
759
795
803
769
766
820
844
815
822
841
876
838
873
897
885
798
880
877
840
831
813
832
734
754
724
735
679
727
1019
910
892
859
811
784
714
723
704
699
707
710
730
690
766
809
854
880
888
867
747
748
752
761
762
758
747
712
751
736
723
753
792
829
837
847
828
801
792
777
779
789
804
762
845
815
781
841
851
774
798
790
779
723
726
721
705
701
702
684
675
664
657
643
621
646
860
765
736
705
690
668
648
629
615
597
604
592
603
624
630
622
623
621
608
608
607
611
609
623
630
642
643
647
627
643
641
659
661
672
657
642
612
611
596
581
575
592
576
573
579
567
563
553
547
544
536
530
777
261
515
510
508
505
504
500
497
497
496
498
508
527
553
574
578
572
576
572
569
576
595
590
577
565
558
555
556
550
542
535
528
524
518
509
511
505
500
504
504
539
594
621
590
564
557
558
549
543
554
554
552
549
547
539
537
538
538
537
537
536
547
569
570
573
567
562
563
559
551
544
541
546
536
544
575
616
605
632
697
661
621
639
964
917
696
658
676
695
801
810
735
697
695
669
643
629
606
598
584
585
600
630
649
658
647
627
621
623
680
731
655
627
617
636
630
721
902
887
824
882
885
763
772
767
853
817
745
740
768
807
780
762
799
818
747
808
727
782
902
833
729
688
703
731
757
767
735
707
696
682
660
693
790
868
797
858
904
961
933
857
813
855
791
941
1084
962
904
919
874
918
872
922
910
929
885
947
907
828
781
773
745
729
734
903
937
953
907
791
771
727
693
689
688
684
837
894
845
933
945
858
937
967
829
794
826
869
879
933
974
918
875
874
876
850
935
877
762
724
760
736
814
775
799
789
830
820
778
750
684
713
722
853
933
827
835
908
916
842
869
854
874
844
916
979
965
852
755
897
944
936
915
854
813
730
735
732
733
727
740
755
730
768
795
867
888
865
813
813
813
812
816
775
747
732
728
725
762
789
810
827
770
780
778
789
772
822
861
846
789
796
813
768
800
853
836
771
831
874
886
831
830
843
797
748
761
775
768
792
841
856
841
847
877
873
806
813
803
824
802
867
896
903
845
854
872
837
827
737
664
730
745
842
853
807
751
758
747
746
734
703
677
649
654
698
706
793
814
717
844
941
955
857
762
771
756
736
729
714
719
718
699
716
758
793
756
878
935
951
940
948
940
850
837
857
823
870
884
924
861
838
879
759
811
833
832
827
871
925
876
822
809
806
845
772
814
895
824
761
840
896
916
900
847
811
802
819
818
819
847
848
853
838
817
778
729
753
785
812
797
802
783
777
721
694
682
723
729
716
739
735
733
716
719
702
674
689
668
673
682
705
726
688
696
991
1033
972
923
900
822
754
730
683
675
697
708
732
785
826
854
862
890
861
844
814
793
765
778
763
777
825
804
744
767
813
823
779
713
725
713
748
682
747
763
805
801
816
781
733
718
686
664
652
649
651
670
681
711
728
711
764
782
843
783
833
837
835
771
824
840
785
813
771
727
769
737
715
741
784
774
774
736
798
782
784
781
778
777
778
770
755
756
735
724
741
757
773
759
871
897
907
983
1001
962
843
854
848
827
776
856
853
809
851
892
910
832
874
862
806
869
849
771
808
843
860
770
862
890
799
895
888
845
857
850
799
853
857
836
759
800
854
803
846
846
840
781
802
803
820
814
832
850
826
826
856
844
818
875
891
838
891
916
890
862
919
885
814
830
817
793
769
805
798
761
803
827
823
833
859
856
788
806
795
735
767
755
790
730
763
779
800
786
726
770
763
774
791
751
778
773
761
750
763
719
746
806
785
817
832
755
795
779
792
775
733
766
785
797
800
767
785
777
762
809
854
848
854
877
871
820
824
854
890
772
907
921
869
829
807
819
730
766
748
718
714
736
711
794
789
822
753
831
856
856
881
853
756
725
733
768
806
793
764
812
819
793
777
770
821
749
777
770
801
813
801
704
716
681
1038
910
918
858
761
726
711
725
726
709
693
696
708
706
725
729
745
765
802
817
797
844
881
867
808
802
796
790
743
842
859
807
856
930
894
868
791
795
774
771
739
775
821
829
833
836
842
804
800
816
831
726
734
752
809
815
821
735
748
743
747
709
746
742
758
780
770
804
803
807
791
799
804
776
789
755
748
771
772
806
784
771
740
729
694
728
749
812
773
830
783
813
755
764
755
774
792
774
774
709
704
702
734
729
770
797
810
763
793
773
816
794
801
768
747
764
779
773
751
797
816
812
798
842
871
836
858
859
855
793
809
817
749
776
795
729
688
750
753
766
721
751
745
761
742
739
770
796
811
782
813
811
829
820
873
872
854
859
863
833
793
791
788
746
776
798
815
791
861
854
867
879
896
887
803
791
756
740
745
700
718
723
763
795
791
820
794
722
779
815
840
822
783
795
806
770
747
762
801
803
779
777
757
738
731
688
689
738
734
709
748
752
763
752
790
747
774
767
708
687
691
707
692
707
732
754
771
728
785
800
801
796
735
779
797
742
831
882
828
813
812
828
844
772
779
775
831
810
876
887
801
846
836
783
838
925
849
746
782
807
835
771
829
838
764
797
803
811
766
816
810
789
851
841
790
757
773
771
760
719
736
749
760
737
804
800
834
840
882
844
847
840
799
706
712
1028
920
899
891
864
822
782
768
741
730
720
720
722
724
740
742
760
781
781
761
765
791
771
749
739
789
798
800
781
769
759
750
734
768
807
814
820
810
808
767
790
788
748
779
765
765
816
803
809
756
737
746
775
803
823
830
751
766
754
765
777
763
738
732
720
727
793
806
827
852
865
859
849
841
831
802
765
734
705
674
643
658
665
700
698
674
692
699
748
755
762
780
777
733
726
709
710
695
710
717
725
706
742
746
760
773
783
807
808
791
793
807
844
807
815
824
829
782
790
795
810
774
821
776
716
722
733
726
682
690
694
695
693
677
661
654
651
659
709
788
787
750
718
725
733
732
755
699
680
671
678
684
697
679
708
736
769
765
783
814
824
811
783
824
829
775
807
848
790
792
729
767
788
807
801
717
725
706
743
804
827
809
818
815
791
813
827
828
840
826
773
775
739
735
771
770
788
802
834
801
771
767
743
717
688
667
659
694
711
726
723
760
792
776
762
813
817
828
813
817
810
781
781
787
810
786
817
828
848
823
863
862
823
821
840
824
799
806
824
804
792
790
813
773
810
815
799
801
806
785
731
767
768
753
771
798
828
820
833
836
803
765
756
769
751
775
794
784
756
824
819
804
789
781
766
744
717
689
672
658
665
678
695
724
750
788
741
714
715
739
748
734
727
694
681
675
678
677
673
657
670
669
679
692
704
718
738
779
848
852
870
791
785
746
709
706
696
685
776
814
775
773
765
758
714
730
728
739
732
708
732
740
768
733
759
786
799
790
808
814
790
805
818
820
768
784
793
750
802
841
853
869
910
904
869
836
823
838
804
831
849
854
868
909
908
825
877
870
844
814
829
852
818
846
832
824
841
857
832
886
864
810
787
779
790
742
779
772
785
786
789
789
761
778
785
780
740
786
758
734
797
808
906
892
1032
1018
1008
1002
920
747
735
793
772
807
787
721
729
749
755
736
736
717
677
669
726
757
759
783
777
787
795
772
759
745
728
706
701
678
720
733
723
751
786
796
751
698
696
678
696
720
744
747
732
741
758
719
718
777
807
804
706
699
706
702
704
695
690
682
688
705
742
696
721
734
707
717
722
724
715
690
701
692
704
728
709
713
734
780
836
872
888
811
749
802
813
846
872
840
809
775
806
803
790
806
804
840
885
863
853
876
917
837
864
893
815
936
921
783
820
813
816
856
813
874
801
857
859
812
823
789
768
720
738
750
785
787
832
844
791
784
804
822
783
799
829
822
850
891
878
781
825
853
877
852
871
891
832
888
894
854
793
790
711
791
789
859
855
824
721
709
746
710
731
708
725
712
698
680
684
670
661
653
646
648
646
651
664
661
676
688
708
782
863
889
888
866
833
788
775
748
701
703
697
734
793
840
864
769
740
713
710
687
668
642
634
628
628
631
657
655
647
661
642
618
617
618
1155
569
561
558
555
548
545
540
535
530
531
535
562
650
884
770
1001
983
985
949
897
910
924
778
689
651
635
622
619
618
608
661
709
832
766
810
853
877
818
749
703
716
704
689
671
631
615
598
593
595
590
586
579
578
577
576
578
581
587
585
609
612
607
610
675
762
837
808
832
729
678
655
629
613
598
604
596
583
587
593
623
617
602
636
647
670
675
686
655
656
645
634
626
620
624
610
605
588
583
593
581
601
638
709
680
719
826
896
746
689
653
633
611
592
573
564
559
555
576
635
732
739
750
316
451
702
666
652
642
644
615
619
622
655
721
847
709
598
886
717
719
781
706
684
683
674
688
727
706
677
681
678
654
641
615
606
643
721
704
720
847
823
812
712
672
663
663
670
681
890
748
774
710
703
704
726
726
702
699
663
659
659
657
685
682
681
671
647
646
637
637
614
619
632
685
646
694
694
737
697
735
727
703
731
750
752
720
678
664
634
614
595
586
579
583
621
649
666
695
701
721
731
684
657
653
646
636
629
647
634
642
661
736
739
688
709
794
810
802
843
900
832
811
790
687
649
640
641
694
668
743
747
786
723
821
885
825
832
751
679
351
407
771
696
719
852
838
729
682
756
715
695
670
645
331
304
660
644
614
615
606
611
604
600
607
626
612
606
630
875
751
740
767
836
811
803
747
745
687
693
1400
652
644
632
675
627
620
640
626
654
630
652
639
633
634
607
602
601
597
614
624
618
651
672
632
673
672
682
662
644
639
604
616
607
594
653
609
672
641
665
683
716
716
655
687
764
786
764
683
697
706
799
849
681
703
697
748
801
740
688
671
735
779
748
783
793
829
800
823
935
943
845
884
938
863
933
933
840
916
1017
923
886
951
908
872
971
977
834
866
768
730
815
847
959
868
919
948
851
867
1015
957
912
969
925
924
1021
920
854
771
757
1048
933
944
952
837
849
862
829
849
979
966
892
949
1059
927
949
981
876
931
1052
913
901
947
919
937
935
823
916
1017
859
881
938
939
846
829
880
814
890
896
829
861
887
838
874
984
1019
962
896
854
822
871
942
869
889
900
905
868
896
965
897
915
917
853
899
832
727
716
693
1025
938
870
862
842
778
793
764
734
705
697
663
678
749
741
838
882
875
823
799
803
813
756
780
792
838
802
854
871
840
783
813
799
846
813
842
860
852
811
818
840
808
835
854
862
806
847
884
809
847
899
814
720
765
803
901
939
882
792
776
773
772
776
766
773
800
825
791
796
792
783
764
787
785
766
788
801
833
792
825
825
766
781
756
777
721
767
773
781
826
751
775
751
767
753
772
761
784
751
693
730
693
680
698
694
755
721
746
738
707
686
662
648
635
645
646
658
648
681
821
837
813
869
843
780
825
895
965
914
873
912
819
944
971
919
808
774
764
730
760
777
854
844
776
807
874
938
958
955
879
793
777
803
890
904
986
993
943
892
876
870
804
806
790
803
779
833
852
897
843
854
757
784
759
759
722
733
736
792
781
763
771
751
741
747
751
775
747
788
814
870
819
886
924
840
867
884
891
904
997
1012
978
977
803
775
771
798
760
760
797
796
795
800
785
763
727
773
755
790
729
768
914
974
864
857
855
818
809
792
745
726
757
748
729
704
732
704
771
831
863
813
811
784
775
734
764
821
856
887
888
846
826
805
812
782
856
929
941
889
970
955
904
933
895
833
776
837
889
896
860
861
887
830
828
851
926
860
890
905
912
789
739
840
897
956
989
864
861
826
800
710
733
737
820
847
857
774
785
782
709
706
713
1131
1012
982
942
920
874
846
796
732
727
709
700
728
780
834
916
844
783
882
967
990
848
1001
953
862
776
911
892
909
799
924
980
861
912
968
950
836
916
914
753
811
827
987
763
831
963
1041
859
930
917
765
722
710
711
732
1066
943
875
858
866
780
849
843
788
728
830
988
893
804
868
908
940
862
867
826
778
815
831
813
755
900
1019
1042
879
912
926
863
870
888
922
829
923
887
835
954
1012
855
750
798
859
870
759
824
835
912
816
968
1015
862
919
940
862
926
916
967
887
1032
1041
889
900
905
868
867
1036
1070
898
908
979
840
906
917
775
925
1063
962
879
879
878
791
853
876
912
798
865
943
856
918
906
919
831
848
848
859
846
854
826
844
758
774
769
759
767
710
745
756
781
727
771
805
809
799
834
866
833
816
770
759
740
677
706
683
663
679
688
705
707
701
691
660
649
633
640
641
666
663
672
714
955
977
964
973
955
834
823
791
787
729
829
835
789
969
986
915
953
950
844
831
754
826
843
780
813
855
795
813
793
833
809
813
850
871
842
792
830
851
838
877
838
885
911
912
838
889
908
865
857
837
834
774
788
816
862
854
942
986
937
912
938
889
845
860
852
822
835
843
859
806
871
904
851
885
922
953
858
894
872
808
835
813
728
745
726
707
734
749
776
812
818
762
822
859
881
805
855
878
821
819
914
944
785
799
820
840
849
784
790
785
715
760
763
833
783
812
803
877
774
828
806
833
828
803
798
745
773
729
779
790
775
760
821
816
830
812
821
830
811
813
847
875
835
853
844
802
720
771
759
754
858
762
740
846
868
872
795
809
817
817
748
821
831
857
830
930
945
880
862
905
981
897
857
798
832
901
867
902
959
884
902
907
933
834
785
729
689
678
708
733
849
784
725
813
884
883
838
846
830
805
748
820
841
830
774
832
905
958
956
893
879
880
806
864
897
862
882
875
814
844
887
867
840
892
892
848
872
801
884
923
803
833
862
829
882
908
891
813
839
864
824
864
870
847
822
818
798
775
837
881
809
877
931
926
908
915
929
824
822
855
808
887
906
850
869
802
739
733
762
708
683
735
774
813
747
774
806
765
812
781
727
779
784
820
790
806
830
794
860
866
855
869
857
779
720
692
777
801
796
741
804
827
810
833
888
897
825
844
884
907
866
918
928
877
864
866
866
819
873
886
819
798
830
857
793
854
909
844
849
838
798
811
823
848
810
869
852
792
812
824
774
843
862
806
851
884
886
858
733
760
781
850
806
790
771
769
690
672
916
827
851
899
939
887
858
803
753
787
797
822
797
801
828
833
831
844
806
794
781
726
731
773
821
874
896
862
858
889
815
830
817
799
806
776
787
776
731
764
789
737
780
774
760
728
772
766
764
755
792
813
815
787
826
824
849
795
809
803
752
736
740
698
658
709
678
771
800
802
788
769
715
722
678
691
714
753
813
771
764
793
773
756
817
845
822
876
889
847
836
811
820
788
796
813
865
770
817
860
893
840
843
797
758
810
730
748
708
681
745
788
796
748
772
740
690
713
758
831
759
836
819
790
725
742
757
738
749
744
729
794
834
904
982
833
869
864
831
827
846
903
880
802
840
913
829
854
874
879
824
895
938
838
939
993
889
866
769
727
719
703
720
693
708
729
718
732
742
740
748
757
781
739
784
834
892
939
890
897
872
894
807
750
775
535
999
726
774
822
822
816
827
822
802
818
819
812
813
813
807
790
812
734
714
755
1469
716
708
719
771
817
286
475
741
705
690
669
673
699
736
768
753
739
712
693
696
734
823
856
854
813
734
729
832
1188
1002
806
813
788
744
703
670
639
622
624
627
636
624
631
683
724
897
858
861
899
892
857
836
833
813
815
833
827
749
856
897
998
952
1028
1028
922
968
958
811
859
956
957
947
903
938
841
868
876
861
887
884
876
746
715
817
881
905
906
917
905
827
849
820
826
755
821
839
877
902
925
888
820
821
838
823
830
839
846
796
845
822
794
836
866
885
820
914
916
846
945
935
861
858
846
790
842
887
851
887
909
806
827
811
814
842
894
883
821
832
848
787
826
832
833
797
785
777
744
867
916
905
868
832
740
710
743
715
675
679
673
681
701
723
700
688
710
759
764
756
715
719
707
706
719
800
725
711
740
778
729
828
877
909
922
850
849
784
823
825
868
797
816
791
722
814
847
750
778
912
896
810
872
867
860
873
841
828
864
871
782
721
806
828
911
882
848
838
780
785
772
743
776
813
830
768
806
788
846
801
845
864
804
811
795
749
764
796
811
777
854
875
850
814
871
934
836
986
1022
869
846
878
829
889
888
792
827
824
826
777
898
988
876
938
942
819
851
843
749
771
778
741
834
842
796
805
811
816
771
803
827
745
789
789
721
681
751
768
786
732
761
776
795
737
790
815
824
768
794
814
835
811
859
890
832
873
926
872
842
823
787
801
836
825
776
831
795
800
847
845
797
786
791
783
741
777
812
781
784
811
821
845
755
800
839
877
808
843
804
866
866
885
828
793
794
794
819
846
849
816
826
842
796
782
773
730
762
776
752
764
785
805
810
798
870
921
869
920
917
838
839
868
849
766
825
921
938
859
919
925
893
890
830
769
754
768
818
770
728
694
987
978
935
912
856
854
843
775
775
773
777
756
737
735
751
763
770
729
781
813
828
845
764
751
729
724
786
786
835
859
849
830
776
769
705
732
738
705
746
708
802
827
837
773
821
829
840
867
814
810
786
725
761
768
797
816
817
823
799
762
728
691
688
678
720
777
813
793
792
791
820
796
818
801
780
796
845
723
738
741
806
813
788
753
764
761
730
715
718
740
715
745
817
863
868
925
1021
1007
934
920
888
838
802
792
743
769
818
813
737
729
766
764
854
896
819
845
759
809
775
794
813
792
749
764
784
728
780
859
841
813
805
714
690
661
672
660
697
714
746
758
747
688
700
674
666
673
665
643
646
659
703
849
842
767
818
925
915
769
756
759
814
869
855
826
747
754
782
851
732
787
847
728
754
810
798
785
735
723
715
709
704
732
758
798
729
810
806
840
850
816
838
848
848
785
758
791
850
766
765
792
971
896
810
854
856
852
744
713
751
691
722
716
690
712
686
682
735
805
736
762
751
743
738
747
779
794
791
853
875
859
831
851
892
847
961
991
934
896
789
771
876
797
881
948
903
892
898
888
800
835
885
837
898
979
920
933
901
851
836
890
961
987
1004
884
865
864
864
868
872
893
829
887
928
864
908
909
840
835
848
880
925
931
856
915
987
885
876
851
748
711
727
982
989
992
944
880
822
830
827
844
810
840
845
820
838
809
808
822
865
875
865
870
891
887
845
880
835
803
884
887
778
831
832
783
844
864
771
823
813
795
870
911
818
872
879
810
879
913
917
893
888
789
819
846
848
848
863
876
799
866
896
791
883
873
866
848
864
867
779
824
833
820
810
845
851
787
824
831
834
809
832
837
764
854
898
815
881
877
800
861
860
814
846
842
803
826
839
838
817
876
892
830
883
850
763
814
817
810
783
832
839
787
795
741
815
832
851
779
904
889
798
851
842
750
835
882
788
863
916
945
877
948
898
798
825
833
799
843
882
850
814
867
906
835
879
878
662
998
846
842
851
916
893
851
847
841
790
811
843
779
801
811
789
792
803
830
782
831
857
880
842
856
875
833
815
736
775
784
784
807
816
768
818
851
732
726
736
753
824
831
828
809
780
760
703
714
700
698
674
700
694
695
684
676
674
674
677
690
753
829
818
836
827
817
741
777
772
734
746
750
776
789
779
808
780
794
840
846
775
802
803
773
813
826
840
785
825
836
774
789
768
690
771
821
832
771
831
857
863
786
798
817
787
815
826
869
782
788
794
726
817
836
853
780
792
796
761
781
797
775
820
852
865
784
823
848
802
813
821
812
774
825
833
803
810
817
808
776
825
830
770
813
828
803
759
774
817
766
795
804
824
771
806
805
764
793
804
792
789
829
841
778
767
749
745
744
758
792
803
808
841
840
819
864
858
819
843
849
827
820
827
831
794
835
841
795
808
837
776
799
809
828
790
814
825
830
873
876
842
882
871
823
814
825
815
770
867
896
855
855
867
851
805
776
784
704
669
716
773
822
906
825
735
703
688
657
684
690
668
660
651
639
626
613
601
589
584
569
562
559
565
575
590
622
684
712
833
1001
1005
1007
973
869
807
826
873
827
873
971
896
797
837
867
813
864
891
864
841
824
811
746
725
699
708
681
705
708
718
734
722
762
774
796
786
789
789
771
774
790
803
786
802
827
867
832
869
885
884
851
867
864
807
787
781
792
856
896
923
871
888
867
805
812
805
796
748
785
793
819
796
850
861
786
812
802
759
721
701
719
745
852
873
1011
1040
1041
904
847
799
708
751
741
736
697
718
734
769
771
741
766
757
688
731
736
722
825
818
752
737
832
826
822
737
728
730
733
751
748
721
710
695
688
679
677
654
708
709
943
916
929
825
887
868
793
836
855
839
835
793
799
775
757
756
778
733
776
788
790
729
758
771
792
755
738
752
795
789
728
816
827
780
818
815
833
772
754
689
727
730
691
722
738
694
722
738
758
677
656
688
716
757
777
767
716
737
720
706
676
693
688
678
672
654
634
709
719
737
767
753
725
718
723
680
688
671
660
643
647
662
663
656
692
741
790
822
924
957
861
888
870
863
769
761
719
753
753
794
804
802
751
805
757
723
775
769
795
816
801
732
745
758
779
773
809
823
761
783
761
788
759
846
822
777
830
830
817
876
865
781
788
794
750
748
702
690
677
688
694
757
766
769
726
677
674
666
687
726
729
714
677
692
697
749
766
798
842
870
850
790
700
733
721
742
745
733
713
747
773
760
849
863
851
811
740
708
725
728
758
780
816
748
799
814
754
767
877
934
931
893
843
727
707
1077
1002
987
949
908
867
813
811
798
813
812
830
857
866
890
873
811
804
722
777
779
712
750
736
742
750
733
710
681
653
673
690
716
717
813
881
895
852
817
773
778
808
730
746
756
764
729
737
759
790
799
805
771
784
794
803
760
758
729
740
747
807
813
729
740
781
795
818
796
708
699
707
727
764
736
817
863
889
887
895
877
836
805
819
761
769
769
799
763
773
780
778
808
846
858
793
802
778
735
700
734
761
811
814
728
729
735
734
764
771
769
752
746
741
752
777
751
808
792
800
806
848
832
728
702
734
759
782
793
782
698
707
686
684
684
687
655
654
684
756
872
887
853
794
757
728
706
718
736
699
729
732
758
721
729
729
782
804
776
737
673
678
676
700
725
734
664
705
716
777
790
771
739
724
704
682
673
666
671
650
634
658
709
746
765
771
781
771
759
719
736
677
739
848
926
963
952
837
884
860
781
727
734
755
806
816
789
779
731
782
823
862
870
859
833
780
775
792
762
734
779
790
832
854
781
830
820
853
844
870
927
889
780
783
806
824
785
797
754
783
817
809
767
746
797
806
790
777
771
715
717
751
735
743
753
740
681
683
652
627
617
620
613
628
633
657
693
696
689
682
654
645
640
633
649
671
730
713
781
803
713
717
742
737
729
702
714
998
941
829
794
773
743
728
728
707
672
643
639
650
677
729
788
783
801
865
956
895
900
849
831
813
813
764
796
786
813
780
877
902
856
857
836
819
751
780
814
816
830
860
870
822
878
887
814
818
828
789
776
766
758
743
789
819
781
801
825
863
810
811
805
837
785
798
792
813
831
786
759
774
790
727
811
825
838
808
774
752
745
745
728
723
693
674
673
694
667
685
690
698
694
693
753
800
846
809
853
916
896
894
881
854
783
816
828
812
802
888
1009
935
1058
1018
899
875
884
832
808
816
834
773
864
910
916
891
882
790
877
873
866
791
831
850
842
818
839
875
865
892
843
835
838
834
788
837
838
777
797
801
838
828
796
803
788
823
830
855
818
839
818
763
764
765
776
706
759
771
772
713
756
833
854
795
775
756
745
729
749
729
733
710
744
752
741
814
830
872
837
873
874
820
819
810
822
754
784
807
818
783
838
830
800
771
801
823
813
833
846
868
854
859
831
792
814
822
763
763
765
771
729
784
812
798
781
821
827
807
848
847
813
835
832
834
854
845
828
797
826
815
769
776
750
722
692
729
756
771
762
780
767
769
710
747
734
751
708
788
783
802
820
839
858
820
809
762
729
741
780
768
719
740
713
702
679
718
727
739
706
740
738
759
755
818
814
819
815
843
844
789
813
807
825
828
857
854
737
756
756
773
784
800
781
758
711
721
707
704
715
717
701
702
704
678
702
725
753
773
759
746
737
755
734
765
772
796
774
808
814
812
764
792
794
784
750
817
864
854
824
834
811
747
779
775
718
746
763
703
674
691
712
760
715
743
748
760
738
768
747
736
734
763
790
789
775
810
840
823
816
825
858
822
841
851
838
811
848
860
807
782
821
857
851
795
794
816
822
802
823
819
788
803
808
805
756
775
779
776
733
771
765
750
766
776
780
751
738
736
766
735
754
764
764
713
740
725
730
706
753
756
771
695
712
692
670
646
653
662
697
700
681
712
709
696
743
749
792
719
743
748
771
722
684
668
753
770
756
732
767
771
724
758
765
771
712
764
804
841
818
830
828
838
800
849
871
839
864
868
831
846
850
870
812
845
866
844
824
837
844
813
819
831
852
802
833
831
829
813
832
832
807
802
811
800
745
764
735
740
716
729
721
679
685
672
646
648
663
668
669
655
655
648
645
630
616
602
589
578
569
559
551
545
541
536
531
536
544
543
546
556
579
649
729
798
802
868
924
896
755
750
731
702
738
743
824
841
834
825
740
737
806
706
798
754
771
702
727
733
691
693
708
745
780
719
807
806
754
773
768
789
874
839
894
841
736
781
846
862
843
927
880
824
828
858
800
832
867
923
912
910
903
857
865
866
786
935
1042
938
907
874
822
765
721
691
666
678
670
740
781
807
778
749
711
724
723
708
713
797
916
982
942
937
843
870
859
817
839
901
911
869
918
891
758
706
690
826
924
827
999
1011
874
727
696
701
734
815
893
815
864
807
787
865
897
857
894
897
813
774
724
718
750
805
861
863
799
745
742
702
701
823
842
815
849
840
886
876
853
839
804
781
808
838
825
839
876
882
806
854
872
883
885
840
878
903
890
850
837
831
774
792
813
916
812
848
847
876
855
750
730
792
821
850
772
804
809
812
783
781
738
699
708
763
736
749
763
845
862
813
814
820
740
780
782
771
730
818
897
791
824
833
848
755
773
792
914
808
909
984
902
829
880
892
781
800
785
830
833
817
786
765
703
661
682
660
687
682
750
742
772
757
760
750
681
699
691
755
774
804
828
826
807
776
782
795
788
732
773
787
854
853
901
912
858
862
878
914
785
774
760
802
763
812
832
844
770
783
804
863
836
867
862
813
806
828
875
825
824
867
867
810
848
889
881
873
889
888
822
834
826
747
775
784
795
737
742
746
771
779
722
757
747
717
694
687
710
723
701
728
679
710
680
744
723
738
751
742
695
665
644
617
614
654
674
846
920
947
900
973
966
843
752
698
759
963
1015
987
932
869
837
789
758
733
720
711
682
735
786
846
905
908
913
920
836
855
895
883
807
842
854
891
774
802
834
912
822
829
890
929
871
898
895
780
880
914
843
806
838
868
794
800
807
803
759
787
799
804
834
860
879
788
828
850
817
814
822
841
794
817
848
876
791
815
812
775
813
851
874
768
780
790
831
775
814
797
746
740
697
707
749
683
729
729
770
816
735
773
782
805
753
808
829
822
772
817
844
821
863
905
838
820
839
846
787
813
798
813
771
826
905
822
849
880
881
812
820
855
827
766
790
831
813
771
791
784
797
740
811
829
827
833
796
806
781
773
776
794
807
724
721
715
746
735
729
724
682
695
670
650
637
623
611
601
598
590
587
582
585
587
598
621
648
650
622
660
679
729
726
722
703
702
664
664
651
649
688
716
868
919
838
880
903
826
833
861
803
728
754
722
711
689
652
654
634
620
616
610
615
622
629
639
645
646
646
646
641
644
659
710
703
789
726
854
933
963
932
884
770
733
720
691
701
689
669
683
694
737
726
820
803
751
800
809
784
734
679
684
660
678
712
776
686
752
754
755
860
856
846
807
779
721
777
826
851
828
801
815
842
868
833
846
829
802
774
780
767
785
840
850
809
809
824
817
764
754
737
718
748
771
821
854
834
844
804
746
727
715
710
715
726
726
698
677
693
694
700
694
714
691
737
754
805
797
793
804
800
748
736
719
741
738
755
729
720
688
706
710
735
713
774
794
774
702
715
706
729
757
759
733
692
669
679
691
684
662
675
684
705
701
722
757
736
726
782
814
854
826
818
818
799
729
721
711
732
790
818
823
828
816
706
733
748
802
818
805
724
757
741
702
747
762
782
770
718
680
722
751
780
839
841
831
813
776
764
770
783
778
754
767
793
868
817
777
758
758
757
703
690
691
688
716
729
740
735
732
713
693
685
668
679
694
719
728
755
778
794
747
765
817
815
874
856
858
853
817
726
701
734
781
835
887
859
769
719
704
706
737
748
759
750
744
726
715
709
715
734
740
734
771
787
775
779
817
836
800
791
767
831
840
784
787
780
771
726
768
771
779
741
785
802
807
766
783
772
778
749
740
753
716
712
719
728
694
717
724
743
716
715
710
703
677
657
650
660
645
623
649
634
629
655
721
762
756
758
758
714
707
686
664
657
642
656
640
629
629
665
713
729
708
716
698
693
651
659
659
660
653
650
652
645
650
691
704
745
729
673
709
698
714
719
708
688
666
652
656
685
726
778
801
747
809
831
854
832
800
799
790
783
778
783
785
768
758
769
760
732
754
758
747
717
779
774
767
705
707
689
659
681
663
648
633
660
666
669
672
668
628
629
610
606
610
611
638
656
683
745
771
777
694
694
686
690
709
682
675
647
623
612
608
614
654
746
741
725
714
726
731
701
696
673
655
664
660
643
609
611
604
623
648
652
679
647
662
685
727
734
677
678
668
671
642
668
668
671
730
747
801
735
733
730
771
729
700
759
774
747
759
789
828
792
774
824
830
881
843
813
762
682
672
677
675
752
810
879
828
909
946
883
790
801
768
759
681
669
695
752
751
702
740
766
771
770
738
704
680
669
656
680
656
659
691
827
898
828
759
742
708
738
764
812
771
795
802
790
809
790
729
681
742
755
746
740
764
806
740
762
771
776
767
789
793
774
694
760
797
823
728
750
759
771
715
751
760
766
749
752
803
780
724
773
810
799
710
729
729
738
732
710
739
766
786
758
796
810
793
810
767
744
812
808
823
824
785
762
675
684
659
676
694
736
771
773
770
710
714
705
672
655
697
981
948
910
877
844
836
816
776
767
777
746
755
760
758
784
775
731
744
730
742
779
742
808
844
834
768
766
773
749
744
748
719
767
821
812
771
771
748
715
755
768
726
800
807
827
790
865
852
773
790
781
756
752
765
779
722
659
712
750
762
773
796
764
716
717
716
717
715
694
708
730
750
735
775
783
784
771
793
790
759
777
763
724
710
730
765
772
829
747
729
699
709
698
706
706
666
691
686
680
660
671
700
770
814
785
842
836
792
772
742
746
708
720
724
715
691
704
730
739
740
760
749
751
684
686
674
681
673
711
678
794
779
801
828
787
691
699
682
704
713
706
698
700
714
685
692
718
757
708
731
762
708
772
790
800
771
808
797
764
745
754
768
766
729
777
794
816
767
801
800
776
776
814
803
757
782
798
766
729
729
734
679
690
722
729
724
730
715
679
708
704
729
701
745
686
694
771
753
770
776
781
734
722
740
755
767
743
794
808
783
756
784
789
772
829
838
824
790
793
775
694
717
748
777
747
742
774
794
772
836
862
843
809
802
803
757
811
818
797
820
844
823
751
804
789
782
797
780
752
697
737
731
709
704
675
676
700
730
715
753
754
778
742
778
775
774
744
795
798
775
829
798
742
796
755
714
699
685
658
680
676
658
655
650
654
655
642
641
642
632
647
677
709
750
724
732
719
698
681
688
704
710
707
712
720
699
706
669
686
679
683
706
729
799
796
779
772
789
819
748
771
787
839
817
747
769
738
757
702
701
735
739
718
699
734
742
742
751
759
755
699
742
735
742
695
720
709
703
676
773
802
845
794
829
825
806
754
753
765
768
728
758
760
768
758
770
818
792
828
854
818
796
798
803
760
775
784
770
745
813
868
871
871
885
864
837
820
817
751
724
728
750
777
777
729
743
729
724
741
728
714
728
726
723
707
715
745
761
750
819
807
802
755
716
684
783
761
808
806
760
758
749
745
704
699
678
659
659
688
717
813
848
820
799
778
758
726
710
698
708
704
688
711
729
667
658
673
766
756
836
860
841
720
721
729
765
730
690
724
773
760
717
776
776
762
708
710
684
693
682
672
690
693
673
679
693
706
707
727
694
729
747
770
730
785
790
774
777
785
792
775
734
734
750
771
742
675
689
715
756
715
748
754
764
754
750
731
708
706
708
698
706
690
720
737
733
745
780
755
795
778
801
768
764
757
763
725
754
736
744
728
755
773
759
780
795
803
750
775
823
818
771
806
778
745
747
768
804
790
830
842
801
763
796
815
809
742
769
804
809
794
852
874
818
808
770
704
740
720
686
664
659
660
703
720
711
703
672
674
659
632
624
621
634
657
675
688
680
652
651
650
660
667
671
672
665
661
654
640
626
627
610
611
606
599
615
674
977
932
882
872
823
713
681
670
668
697
721
710
677
645
632
623
637
639
666
663
672
680
666
657
660
681
669
679
731
740
805
808
825
871
882
828
798
761
719
692
687
706
719
696
751
750
733
669
687
722
753
734
702
723
730
685
718
696
662
683
646
626
631
614
610
605
585
601
583
584
575
593
610
636
660
656
644
623
632
608
604
588
572
556
545
536
534
531
525
521
514
517
506
504
502
496
496
494
492
501
614
5265
646
633
595
597
636
657
637
315
308
616
624
633
631
614
603
410
761
573
568
569
571
583
642
723
722
738
713
743
748
759
728
665
653
653
684
700
676
645
622
610
631
657
684
696
701
668
740
734
638
631
620
635
669
727
709
794
804
863
861
809
803
802
761
830
992
934
860
730
751
817
822
767
767
796
830
801
744
726
688
702
662
684
703
348
559
413
461
1004