560
552
557
563
554
562
566
582
575
578
600
619
601
604
594
602
608
633
647
670
650
640
629
620
606
601
616
622
603
604
604
645
702
768
763
666
707
691
715
701
634
680
686
750
702
768
820
874
904
763
749
756
815
823
771
807
821
833
779
807
797
760
721
697
713
742
998
860
774
744
765
737
795
810
849
797
767
905
1074
955
1031
1036
972
991
941
942
1002
1034
994
1007
1045
979
1046
1084
1018
1007
1090
1086
1016
1116
1106
1091
1045
1074
1121
1100
1110
1205
1203
1085
1125
1150
1082
1192
1214
1170
1146
1116
1081
1182
1189
1108
1103
1175
1124
1041
1123
1080
972
1043
1141
1118
1085
1108
1077
1005
1060
1128
1111
1096
1142
1101
1053
1194
1251
1190
1103
1136
1164
1104
1118
1136
1010
979
840
755
737
802
808
1065
1167
1077
1098
1119
1019
1095
1100
1022
1087
1116
1079
1077
1123
1119
1039
1127
1117
1068
1116
1134
1101
1083
1107
1070
1091
1109
1065
1046
1049
1044
1009
1003
1070
1084
1024
1086
1104
1054
1075
1117
1094
1015
1097
1116
1060
1108
1093
1059
1004
1058
1072
1019
1058
1061
1007
1057
992
923
883
922
901
859
900
988
1005
911
1018
1093
1063
977
1020
1116
1081
1038
1002
1026
1068
1043
1042
976
963
1040
1111
1087
986
1026
1063
1064
1019
1066
1103
1047
1081
1124
1105
1067
1031
1045
1063
1037
1098
1123
1105
1090
1011
963
990
928
867
812
823
878
894
990
956
890
916
912
830
878
843
797
871
951
1043
969
950
1080
1115
1023
1059
1051
1022
1032
1100
1146
1109
1081
1081
1037
1046
1030
1015
1079
1087
1123
1109
1029
1037
1059
1088
1095
1072
1097
1088
999
1032
1039
1014
1016
1059
1059
1059
1018
1049
1060
1068
1025
944
907
1000
1147
1101
993
1039
1095
1096
1065
1017
1043
1041
1021
984
964
862
900
917
843
921
1073
1159
1078
989
993
922
1019
1119
1107
1095
1087
1065
986
957
902
1051
995
820
836
983
1198
1163
1109
1119
1098
1069
945
885
922
1047
1043
1056
845
859
899
1031
1139
1108
1073
1039
1032
1025
1003
895
937
1158
1093
1126
1071
1047
1063
1046
1025
1018
1006
986
940
782
817
864
1075
1191
1122
1109
1103
1079
1038
1014
984
931
930
1044
1055
1082
1092
1064
1018
1050
1063
1064
1052
995
1001
979
943
972
986
960
865
928
1069
1073
1041
1025
991
1004
1013
1024
999
1041
1072
1098
1055
1048
1058
1057
1047
1010
951
940
823
876
927
1052
1057
993
835
830
827
838
851
862
871
783
808
866
976
1021
1009
869
893
969
1031
1039
1004
862
874
882
938
963
871
776
814
886
982
1055
1084
1029
1012
984
947
907
790
801
871
1122
1102
1057
1027
975
1007
1002
914
952
1065
1071
968
952
1016
1033
974
1009
1097
1077
1060
1052
1038
1009
920
874
915
1121
1142
1060
1035
997
983
911
887
876
905
928
946
821
881
978
1123
1097
1067
1024
991
884
887
886
844
849
924
1085
1140
1042
952
979
1042
1029
1025
964
892
818
815
929
989
977
1112
1067
994
880
876
922
1131
1065
1035
989
983
979
905
938
1054
1065
1063
947
974
1007
1011
1020
996
970
941
877
823
872
1021
1099
1044
1052
1050
1045
1017
985
1013
1024
939
969
1011
1050
1067
1056
1039
962
927
909
973
1021
1038
997
985
987
967
937
900
903
864
873
930
1004
1100
1039
1046
1009
963
957
1007
1027
953
948
1026
1004
882
903
940
952
949
821
864
929
890
797
828
908
916
932
939
897
903
909
943
958
964
951
952
958
978
941
896
835
864
871
804
872
921
947
927
815
846
866
796
825
868
959
890
856
935
957
936
814
854
909
975
1011
1001
968
910
838
813
857
967
996
944
1030
1055
917
940
945
972
905
833
787
740
760
782
915
978
1034
949
927
998
1146
1129
1096
1046
1021
1040
1066
1071
1026
978
1005
1008
974
983
1009
1035
1012
1048
1063
1052
1066
1081
1085
1046
1041
1053
1052
1018
1072
1086
1073
1016
1054
1073
1048
1073
1117
1118
1072
1089
1094
1070
1002
1029
1037
1000
1019
1044
1063
1018
1051
1084
1063
1017
1031
1026
967
1010
1062
1056
1009
1060
1085
1098
1067
1071
1097
1096
1030
1008
1042
1021
999
1019
1021
998
959
933
989
1047
1024
1000
1037
1052
980
912
958
1010
1030
911
909
918
968
908
883
925
1010
986
880
796
728
850
958
1108
1094
1076
1032
1026
947
878
868
903
934
949
933
960
1047
1036
1007
956
843
809
807
843
925
908
938
991
987
1046
1052
1038
1015
967
904
943
1044
991
961
1003
1007
1025
1015
1000
1011
1008
958
967
963
896
904
921
933
903
988
1010
933
916
927
938
883
872
914
889
892
944
939
1027
1061
1003
940
922
935
886
852
910
924
896
852
922
970
924
848
884
898
827
849
869
886
842
835
857
844
793
823
844
854
805
833
830
825
795
819
799
752
793
824
819
788
815
811
765
796
811
768
782
809
829
824
802
837
856
825
843
892
896
849
887
886
842
865
868
907
892
829
816
852
869
804
837
857
849
821
862
890
830
832
855
857
813
840
882
919
890
969
982
936
964
979
941
952
995
1017
928
989
968
884
953
995
943
909
965
936
924
957
974
880
877
859
833
790
846
868
835
909
903
851
885
917
902
833
839
856
893
882
913
953
928
862
896
947
928
861
909
935
860
833
872
833
800
827
896
1054
1039
1063
949
874
893
896
1734
950
949
916
967
951
921
902
803
796
824
901
876
862
933
1004
956
936
1034
972
885
938
1074
1055
1008
1034
1060
1013
1032
1027
994
979
1018
1065
940
997
1027
1032
1021
1000
945
975
994
928
1028
1041
1020
982
985
1033
1062
1032
1056
1037
1000
1020
1030
1028
1025
1030
997
970
1014
1036
1012
1045
1053
1038
1049
1056
1016
1025
1039
997
1040
1063
1053
1034
1081
1099
1066
1064
1095
1092
1065
1063
977
1029
1080
1063
1061
1000
922
929
987
962
958
1153
1060
1042
1074
1108
1110
1115
1134
1104
1091
1100
1035
1005
1023
1051
1028
1004
998
883
844
841
885
875
800
867
955
1024
1027
829
743
771
832
1000
941
1014
1010
891
828
849
899
927
1022
1066
1056
1022
976
1008
1031
1036
1071
1076
1074
1094
1108
1130
1122
1099
1102
1087
987
1031
1056
1031
980
1017
1042
988
950
964
1028
1031
969
901
909
970
949
972
1029
1030
998
871
907
918
946
903
907
969
1020
1001
1003
1029
990
929
928
991
943
958
1024
1113
1041
1009
1029
1021
954
949
975
1002
964
882
936
983
992
897
854
876
970
1053
1055
1039
1005
982
947
877
832
854
863
818
799
863
948
1027
1047
1015
927
862
888
1000
1076
1006
969
983
1016
1023
1020
1060
1104
1075
1080
1092
1057
1009
1034
1056
988
1000
1002
1031
1028
997
1025
1060
1050
1049
982
991
1008
1017
1028
962
889
881
919
912
831
869
906
960
1000
1005
1036
1060
1042
990
1003
1010
1022
1023
1019
1000
1036
1038
1010
962
972
940
840
788
815
869
876
808
845
911
957
985
955
860
852
837
818
756
739
758
838
1089
1073
1057
977
1011
1046
1060
1051
1013
1006
1025
1050
1013
1017
1039
1014
966
944
918
956
1011
958
935
980
1084
1025
951
905
840
849
947
1096
1010
973
1016
1036
1029
979
986
994
1000
986
944
985
1022
1044
1053
1002
1008
1022
1028
1033
983
1027
1046
1036
1007
1017
1018
951
933
960
984
916
966
1008
1031
931
1014
1038
1000
1017
1066
1066
1026
1074
1102
1069
1012
1062
1075
1035
1048
1064
1051
1063
1021
1021
1055
1077
1069
1021
1043
1024
991
947
824
868
899
956
876
927
962
883
842
857
880
815
862
918
980
1004
1030
919
892
891
841
871
978
1115
1025
947
1115
1141
1119
1104
1038
1002
1021
1043
1034
1000
1036
1095
1114
1089
1058
1087
1093
1089
1033
1084
1105
1117
1059
1083
1104
1104
1039
1048
1091
1072
1034
1103
1156
1119
1079
1069
977
1012
1015
1022
856
835
858
924
1026
1004
1017
955
831
836
847
883
911
898
882
816
816
812
783
761
808
936
1110
1101
1067
1026
961
887
810
779
798
809
828
885
940
891
813
805
843
883
846
845
964
1193
1086
1089
1029
1015
958
937
987
1092
1050
981
958
947
887
956
1027
1096
1003
1020
1077
1061
999
960
974
1028
1061
1064
1016
1050
1074
1063
1004
1027
1041
958
851
800
851
972
1098
1155
1077
1052
1019
998
940
959
925
961
973
907
968
1055
1062
1058
976
1000
1021
1027
1021
972
1005
1027
986
951
979
1038
1044
1046
1004
1025
1023
996
982
1025
1039
991
974
981
974
946
958
981
957
970
987
997
961
987
1000
948
964
984
947
884
905
949
891
927
963
936
897
954
979
911
937
981
969
910
950
959
914
960
1056
1039
933
942
980
967
952
998
1021
984
1071
1081
982
979
1010
992
990
1077
987
896
938
954
889
874
924
940
891
951
999
960
905
943
899
846
870
937
1009
945
968
1029
1017
912
972
989
896
973
1023
939
875
877
895
894
900
829
803
816
787
781
851
880
867
1044
1107
1043
967
1017
1071
1072
1069
1068
1057
1029
957
1001
1074
1101
1058
1056
1074
1078
998
994
1024
1050
1029
993
1077
1123
1089
1031
1067
1104
1074
1046
1056
1063
1025
1035
1025
1032
987
1021
1037
1034
987
980
997
1019
989
942
934
927
868
820
854
846
802
830
858
944
1014
1015
1034
1080
1020
1007
1007
1004
933
1002
1016
1084
1049
1039
1067
1020
1010
1097
1093
992
1036
1056
945
901
1000
1154
1048
979
942
1024
1083
1065
952
971
1047
1092
1005
1042
1056
1028
1047
1065
1081
1022
1029
1030
998
1023
1040
1008
972
1004
1022
966
969
933
865
801
777
864
1040
1121
1074
1032
989
1025
1057
1046
992
1005
1027
991
1039
1092
1148
1146
1112
1069
1105
1112
1049
1057
1082
1091
1022
1032
1084
1093
1028
1035
1074
1107
1104
1025
1019
945
884
857
788
776
802
883
1066
1038
1028
1000
890
817
802
738
726
729
777
815
850
849
896
1098
1184
1060
1032
1015
862
889
981
1135
1102
1000
890
874
966
1100
1096
1036
1055
998
1036
1101
1169
1126
1110
1131
1109
1052
1090
1103
1029
991
1007
1030
1000
954
991
1021
1025
1004
942
960
1005
1016
975
994
1013
1002
971
996
1046
1046
1023
1047
1062
1072
1046
1021
1015
999
946
950
952
932
850
804
835
849
915
931
847
856
837
852
855
808
835
775
759
747
807
852
943
1031
975
957
931
886
854
788
800
826
898
936
940
876
909
920
889
842
850
818
782
753
797
847
952
980
996
1054
1083
971
993
959
949
880
960
1144
1088
969
1055
1063
1026
974
969
909
916
880
889
1005
964
916
961
1008
992
973
992
1063
1060
982
1029
1035
1039
1011
1046
1039
1016
951
978
986
995
960
951
858
802
863
943
1003
962
886
971
1009
979
882
899
843
856
1113
1054
1012
1040
1045
981
1007
1012
969
966
1013
1017
982
1031
1043
1043
1036
983
1000
1003
993
1019
1027
963
991
1019
972
999
1025
927
974
1041
1051
1005
1026
1036
983
979
989
973
939
1053
1030
992
978
974
883
908
979
1082
990
1053
1048
1039
1030
1076
1087
1038
1051
1045
1044
1040
1075
1062
1057
975
1008
1029
991
993
1005
991
964
953
947
900
926
1075
1081
1024
979
1003
1012
1017
979
1009
998
969
958
975
991
968
871
869
874
848
879
928
896
831
837
832
808
788
830
860
857
818
875
896
860
869
939
944
892
910
908
877
867
904
918
852
834
808
837
841
911
985
1028
938
971
1043
979
965
1006
990
954
992
1009
982
1016
1030
999
988
1012
986
945
992
1027
1016
1015
1055
1075
1099
1080
1115
1077
1044
1102
1098
1066
1091
1097
1031
993
1045
1044
979
1003
969
850
883
915
1023
948
958
1037
1087
968
1014
1040
1053
996
1015
1043
1043
1003
1055
1097
1058
1046
1082
1119
1062
1022
1028
1017
976
1031
1047
1024
1033
1090
1079
1022
1073
1062
1001
1040
1065
1047
1023
1065
1040
1016
1060
1064
1014
1061
1073
1042
1060
1081
1110
1066
1096
1124
1104
1036
1075
1072
1029
1028
1053
1049
981
1018
1021
1022
966
1011
1023
1018
987
1042
1067
1035
988
991
967
929
975
1037
979
1006
1022
1001
959
1015
1046
985
997
938
835
824
982
1063
1058
995
1036
1044
1039
1029
1100
1136
1152
1077
1095
1098
1070
1096
1128
1154
1090
1107
1134
1095
1021
1057
1086
1125
1041
1075
1114
1085
1011
1050
1047
998
1029
1063
1036
999
1044
1057
1032
1018
1051
1055
1012
1049
1056
1007
1024
1029
1035
984
996
1007
1029
982
968
977
988
927
919
972
1021
934
827
773
712
770
855
1112
1022
1006
993
983
916
881
840
807
811
886
935
903
1009
1055
1028
1016
939
826
831
884
1040
1100
1018
957
886
932
1010
1159
1063
1031
1042
981
977
987
1058
984
1001
951
866
873
895
917
883
911
948
951
917
868
898
964
988
925
821
867
909
1050
1069
1090
1026
985
874
876
890
873
850
813
806
830
888
977
1021
980
871
853
855
936
991
1009
986
957
933
934
934
845
848
899
1145
1091
1074
953
940
963
1018
938
825
843
868
954
1043
984
924
978
1079
1060
994
943
835
852
893
963
1027
1032
990
972
959
870
921
956
1072
1012
1012
1010
1011
960
991
971
880
894
913
920
919
947
940
870
885
904
954
1013
1000
999
1018
978
918
878
835
789
749
750
731
734
823
932
968
1027
998
889
916
956
1096
1070
1067
1077
1077
1068
1061
1007
1009
964
979
1008
1020
1032
921
859
842
863
902
1007
1039
914
939
979
1043
1080
1003
958
1044
1059
1068
1066
1076
1076
1088
1073
1037
1028
1036
1043
1005
882
1185
1033
1008
1016
1013
1004
945
982
1011
995
978
992
998
973
938
927
938
919
926
963
1012
949
983
970
922
945
971
918
962
1069
986
987
995
928
933
942
897
867
945
936
889
961
903
850
844
846
1654
804
830
871
916
925
928
1003
979
915
898
907
854
870
919
959
917
904
973
990
934
934
959
939
906
942
906
860
828
813
866
856
910
1002
956
896
934
944
902
884
946
994
916
977
1003
949
985
1025
964
930
950
952
946
983
1025
950
976
979
919
900
929
942
899
977
1010
939
955
961
923
938
1037
982
1002
1005
853
753
827
970
1114
1098
1105
1111
1091
1008
1057
1046
1026
997
1048
1047
1019
1005
870
890
932
974
956
1027
1063
1069
1071
1106
1090
1027
1088
1120
1069
1086
1106
1099
1010
1091
1110
1088
964
993
969
995
882
841
897
921
938
969
847
926
894
920
930
885
817
764
358
375
701
664
712
723
721
725
745
858
1035
1152
1165
1204
1126
1081
994
993
1128
1069
1051
1042
1002
1081
1184
1186
1193
1179
1084
1087
1100
1073
1018
1046
1041
1018
979
927
928
845
861
942
900
808
830
822
770
771
795
781
793
803
918
1088
1099
1057
1035
992
969
969
1000
1048
1078
1099
1147
1136
1147
1111
1108
1130
1095
1039
1033
979
975
950
899
939
889
860
921
889
826
813
854
866
873
872
1099
1150
1065
1056
1114
1135
1078
1021
1028
1044
1093
1104
1123
1112
1036
1064
1096
1142
1153
1105
1116
1126
1099
1032
1083
1096
1145
1106
1102
1103
1076
1085
1118
1110
1051
1011
1027
1025
973
1020
1057
1028
1026
1044
1030
990
1008
1001
940
876
835
878
966
1055
1117
1099
1036
1063
1035
996
1005
1060
1089
1082
1048
1075
1102
1115
1070
1120
316
844
1022
623
633
1113
860
305
926
1054
1091
413
689
1016
1054
1069
1105
1077
1102
1106
1089
388
680
1067
1083
386
663
1078
2098
1072
1062
1013
976
916
1619
821
441
310
1715
864
905
873
820
868
926
1021
1003
979
1002
1027
1057
1048
1086
2337
1093
1114
1122
1056
1024
972
261
826
269
269
2073
928
959
990
945
894
945
966
917
931
1005
931
907
942
923
889
958
716
1246
1013
1026
489
485
930
962
1665
303
1050
1066
800
1181
979
793
1135
935
901
951
853
847
824
840
465
478
1066
1036
963
987
1208
431
759
264
1211
1012
1927
1246
1140
474
556
1218
2216
1114
588
521
1031
1072
2166
1149
1101
752
276
1067
1068
860
1219
1088
1089
1074
1076
420
657
3252
1086
1071
1104
1065
452
563
1074
1088
2165
688
1538
1061
1071
1043
995
1043
268
782
442
615
493
522
1043
1055
1992
2066
986
1043
2070
1023
1038
1038
808
1147
502
645
1027
1057
1062
1051
722
257
1005
1018
827
1199
1031
996
292
687
844
1158
1856
1881
838
881
910
859
619
1209
1030
1040
425
606
1090
1041
2021
479
333
255
929
594
548
1067
1712
383
1074
1073
1040
1069
1075
1096
704
330
1083
1127
1076
260
853
1113
1057
1063
1094
1106
303
2767
327
1532
2324
832
2766
703
4963
1216
1739
938
2220
6422
716
1256
1197
1096
1128
686
325
999
991
1234
1052
2448
1165
673
1268
1028
1075
280
794
984
588
396
3294
1060
5193
2478
5094
3651
1382
3023
838
3530
3797
2265
2482
4946
1006
560
393
973
3503
1457
3005
447
1086
811
852
1046
1059
1034
546
511
2032
1019
985
965
898
816
866
952
273
824
1117
1103
1028
2222
638
420
986
1157
1025
999
995
979
908
965
1077
379
1205
610
438
2154
2562
841
1288
2104
590
874
1063
5316
896
947
994
1016
1749
3411
660
6840
909
891
285
1867
3799
3618
4247
791
812
891
983
283
1729
315
570
883
910
1288
487
1275
1184
6235
448
1695
335
1627
1477
829
838
832
1577
816
870
1125
1097
1053
1023
1042
996
997
1028
1040
1033
1105
1021
1011
1045
1014
307
709
1048
1023
349
691
1084
1064
497
539
1048
986
896
879
861
810
834
880
904
573
311
988
1129
859
1221
988
471
436
960
978
896
1006
1047
968
1041
1085
610
380
1069
1080
993
1051
1047
978
1046
1003
1014
1050
1034
993
1040
1050
1006
1032
1026
976
1008
979
925
989
1024
965
1019
1040
950
1002
1034
995
1102
1130
1006
1021
1059
1014
1029
1052
982
1004
1035
996
937
999
949
933
990
994
965
1082
1118
1022
1047
1062
994
1027
1042
997
1056
1064
1000
1043
1040
992
1021
1026
949
979
1028
974
992
1021
928
934
1002
977
939
1045
1064
1017
1089
1064
955
1034
1025
980
1069
1074
999
975
961
402
577
846
1564
646
880
707
807
830
926
911
902
915
894
858
797
740
683
715
747
936
995
1050
1082
1139
1154
1114
1096
960
901
849
812
863
906
869
901
867
889
837
843
949
1020
915
859
905
946
1009
1023
999
992
990
932
891
844
879
1131
1113
1133
1141
1085
1151
1173
1154
1161
1138
1044
1040
1047
288
749
1020
1085
1057
981
1006
1001
879
861
855
807
793
513
293
798
793
796
837
915
1953
1051
989
1003
1089
1058
1012
965
912
1002
1080
1020
1063
1105
1075
1122
1122
896
476
1884
1075
1083
600
265
696
1246
985
1008
985
957
978
963
950
991
923
1013
589
473
1080
1073
865
1160
1146
2877
945
2328
1104
2119
1071
1125
2616
263
1794
540
323
4817
1040
992
1040
1061
254
800
400
586
345
667
1013
1201
915
2352
5250
1598
3297
1071
1057
310
756
1818
2255
1009
962
4021
2170
3740
682
1582
433
1243
2072
4959
875
922
918
857
803
765
739
771
801
901
966
1010
1041
1060
1065
1102
1120
1121
1112
1110
1115
1084
467
578
1060
1025
271
704
996
992
304
622
323
2707
836
2318
3088
1366
672
1302
2443
2387
6348
2605
541
3808
1949
3305
2054
1051
1682
2807
3113
1757
2398
1360
2175
534
253
890
7240
839
1018
1854
398
3328
1877
2519
1579
442
601
1039
4520
10902
941
600
2427
324
348
1162
354
322
532
987
3095
3381
5965
3767
316
2848
4598
2014
6236
6052
1508
815
843
903
961
1039
1028
1009
1015
1051
1034
1046
994
1021
1036
1046
1048
1068
1071
1043
1076
1091
477
603
1100
266
767
1044
1064
5315
853
273
696
6086
914
828
821
844
827
794
835
871
864
862
955
986
928
981
426
322
1162
1825
1040
989
1033
1029
959
988
1009
947
936
1023
1042
980
1100
1037
979
1032
986
945
990
994
851
1028
606
2516
2511
1358
1303
1108
2123
893
7689
930
965
383
558
3646
1115
1063
1077
1025
564
346
776
1264
485
1100
1019
963
1034
1146
1105
1074
1064
1048
975
992
1010
1029
986
961
1094
1053
1004
1051
1046
996
1031
1021
959
843
858
441
451
966
983
994
903
923
930
887
877
918
900
884
946
904
871
929
930
945
888
917
924
1637
768
766
787
777
784
835
881
919
860
869
872
312
517
841
847
361
1315
873
892
861
892
907
870
858
886
882
830
861
870
1664
846
869
820
839
865
839
816
843
862
821
815
839
874
866
912
947
880
856
872
854
834
862
882
837
858
887
855
862
890
832
775
752
737
720
451
263
742
722
685
724
704
740
488
301
858
848
774
770
768
846
873
807
860
943
921
887
979
964
931
990
846
1202
818
1796
383
496
515
390
893
400
436
374
1419
960
549
291
867
899
899
813
813
809
1616
773
760
783
810
823
787
819
879
721
1077
1063
1080
980
1023
1019
961
989
1012
559
417
890
886
870
835
813
800
851
894
864
781
1137
1188
1046
918
999
1107
1075
1034
1066
1085
1105
1060
1084
1112
1132
1053
1035
1233
720
920
1040
620
1524
1065
1101
1059
1062
1092
504
573
1017
829
1173
896
977
1064
920
977
1005
880
951
1126
1056
995
1058
1104
1063
1026
1099
1133
1105
1073
1092
1038
971
897
949
1037
1023
1077
1061
1009
930
864
1012
1164
1128
1088
1102
1110
1111
1095
1036
1044
1025
1052
1104
1086
1141
1144
1062
1101
1111
1133
1095
1017
1021
1001
991
999
1924
1052
1041
1018
1060
1070
1032
1076
1066
1073
1089
1090
1044
1093
1118
1097
1135
1155
1107
419
698
1135
1123
1146
1149
1019
1267
1154
1126
1147
2193
3701
1138
999
535
1408
2120
1731
2510
1330
1858
2893
2905
6503
1125
510
3991
1147
315
829
2253
1113
1138
1149
1052
1085
1084
1039
1047
1042
667
1325
305
2657
718
473
1751
467
775
1891
2093
1881
3827
2262
1028
992
1042
1049
1006
501
542
1062
1025
1033
1054
1055
1021
1063
1070
2023
993
895
896
501
338
800
808
805
847
1007
953
946
1010
1043
957
976
1041
663
360
991
1036
1060
397
652
970
994
994
980
947
1025
1026
986
995
991
726
1157
1939
1007
1075
1078
1017
1027
1032
1041
1023
1029
1070
1087
1056
1098
1102
1049
1049
1047
1031
1009
1034
1042
1014
1055
1092
583
501
1022
362
697
1078
1094
4214
676
1440
352
2878
459
2821
3093
2391
12524
260
2921
834
571
4470
1027
992
1017
1036
1110
808
3529
2790
541
523
4168
1762
2488
2666
863
902
918
908
725
258
1036
1040
962
973
933
917
961
414
447
871
950
890
979
1105
1057
1037
983
970
387
627
1013
940
854
553
1051
963
1236
1260
1268
1258
1270
1218
1201
1175
1165
1126
1073
1006
492
480
782
923
799
781
763
781
789
774
828
892
1075
1104
1049
1028
915
827
847
876
1003
1162
1053
1021
1059
1109
1107
1052
1069
1088
1092
1025
1039
1056
1057
1040
1043
975
890
908
964
984
1007
1004
1077
1079
1021
1038
1023
950
1011
1017
1030
988
1028
1002
949
985
981
529
436
916
479
468
1006
1041
977
987
977
935
914
944
979
943
1034
1044
1006
1032
1002
927
900
894
476
400
834
886
991
1060
1022
1068
1025
942
942
955
946
888
595
382
1090
2091
1008
1000
893
832
854
899
953
977
452
485
609
1183
979
1029
1038
977
921
976
1013
935
940
1003
1002
957
486
472
1021
985
900
883
919
954
443
487
851
887
922
938
924
827
779
643
918
862
1008
1958
1005
1013
945
896
993
1028
1011
1044
1043
1007
1039
1016
942
827
859
937
1093
1094
962
1018
942
960
981
979
863
913
974
1057
1100
990
1027
1029
977
960
942
715
1090
707
1068
1004
1068
974
942
957
938
871
887
906
898
924
962
979
623
279
951
971
947
917
934
906
826
857
851
823
799
813
786
774
820
751
1056
980
863
810
840
875
891
320
490
783
749
751
757
828
874
859
851
822
836
829
848
928
905
961
1108
1063
1079
1040
1065
1090
1092
1276
813
1088
1119
716
340
996
321
697
974
989
1058
1116
1063
985
1864
872
841
904
1038
1100
1044
1224
831
1098
2137
944
880
929
1120
1100
1046
1007
987
935
809
985
1056
1071
1112
1119
1046
1080
1112
1094
918
1245
1133
1124
1050
865
1150
1056
1068
495
822
762
1070
1109
1118
1084
922
1099
1052
1080
1106
1090
1086
978
302
699
1032
1048
1047
1063
1057
976
713
391
832
1021
1039
1072
1058
1034
1027
1036
1043
1054
1004
269
750
1060
1125
1146
1091
1028
1066
1067
1030
972
1009
1035
1064
1065
1036
1050
1032
1008
1048
1067
1069
1058
575
428
893
859
897
1032
1109
1054
1026
1007
882
363
511
795
1258
1092
1042
871
1108
966
979
1020
1026
1037
1036
1047
1041
1026
1054
1064
1051
750
1276
1035
1023
637
348
1021
1000
704
288
915
765
893
802
831
923
894
828
889
974
1066
1054
1037
1008
681
280
986
938
925
1025
1112
1164
1081
514
545
1081
1047
979
1012
1013
1018
1012
1047
911
1110
1017
1085
1136
1139
1089
774
1185
999
1031
1026
1059
1047
1038
1032
411
608
904
750
781
779
777
850
983
1135
1078
1019
1021
1019
1018
919
830
800
840
933
276
677
965
982
976
1000
424
539
858
484
396
1020
1132
1090
1059
751
296
934
913
956
1076
1177
1096
1053
967
994
1042
1072
986
1015
1038
1096
1093
1101
1091
1060
990
969
875
842
859
953
1045
878
952
1036
1126
567
532
809
1257
934
274
620
930
1051
1964
1054
1075
1621
391
1022
1055
2060
957
949
1067
1045
1056
791
1255
941
940
862
916
1045
1086
1045
958
999
990
1006
1020
976
1015
1021
1011
483
503
918
583
311
1273
575
859
935
1029
1029
551
460
875
853
1064
957
998
579
423
664
287
917
848
1836
942
1042
840
1163
926
401
596
986
931
869
859
942
850
939
291
775
1094
1051
1031
954
985
1012
1035
1042
961
938
984
1008
1001
1026
946
978
1001
1000
1896
894
915
898
1069
1086
1069
798
272
1032
983
995
989
985
317
282
1036
253
881
1140
1872
1052
1015
305
688
980
828
1037
895
921
958
984
997
867
751
989
847
951
1054
907
1107
992
943
949
993
1009
917
840
902
758
1305
1110
1021
1049
1036
1033
1051
1034
1021
1943
975
1012
1035
980
967
1930
1002
410
537
982
979
1848
873
889
991
1105
1969
1037
1070
1057
1038
973
377
596
977
1005
943
983
790
1253
991
623
349
599
336
684
1025
804
878
1016
934
1045
1091
746
298
1038
1015
966
904
864
864
813
851
347
690
2083
262
795
1086
1102
1027
985
1010
1038
1062
482
543
584
442
1953
961
833
884
938
1065
1051
1012
1005
983
990
993
1008
1019
1060
1070
1114
1137
1081
1070
1083
1087
1073
1084
1057
1063
1060
1008
1000
947
870
905
389
545
809
837
896
1018
1086
1040
1010
995
977
957
614
325
840
738
795
859
1130
1102
1130
1145
1161
1127
1112
1095
1071
1055
1054
1051
1064
1046
1034
1022
1013
1030
1036
1048
534
426
984
1038
1080
1087
1075
1070
1052
1024
1017
991
979
927
970
977
1004
1026
1056
1031
1058
1067
1040
1025
1040
1023
1013
1018
1021
1020
1001
956
963
983
1053
1073
1097
1080
1058
1021
1003
534
425
443
423
823
790
765
802
874
984
1045
1052
996
1037
1016
996
949
979
1021
1016
1031
1023
950
253
676
924
1042
1029
1030
1046
1059
1012
1047
1034
982
977
997
1047
1067
999
842
1116
1032
1058
1054
1040
1039
999
952
979
990
1016
1027
1046
1039
1012
980
1005
1039
1041
1046
1006
1036
1035
1047
1047
1008
1014
1055
1096
1088
1069
1040
986
985
994
1000
1028
980
715
255
1016
1037
1033
1014
973
998
994
998
957
984
984
993
956
873
1769
1013
987
920
921
914
907
879
784
806
790
813
826
837
856
863
916
984
1037
1031
920
906
838
816
745
886
776
792
843
956
1020
1048
1036
996
922
786
726
829
860
1066
1066
1051
1056
1069
1075
1055
1042
972
929
965
1058
1106
1100
1084
1067
996
1030
1060
1014
1078
1090
1091
1057
935
840
874
945
1217
1111
1040
1079
1085
1102
1076
1052
953
916
1010
1075
1048
956
993
1015
1031
1003
1021
1045
1043
949
965
991
1024
511
528
1017
1015
988
966
934
927
903
941
916
560
447
1032
1053
1034
1023
905
907
1030
1156
1090
1052
991
917
860
987
966
1052
1155
1086
1047
1050
1028
986
1040
1033
1055
1069
1092
1083
1077
957
895
889
968
1088
1100
1031
1020
1994
942
949
899
961
979
1084
1049
1054
388
628
953
705
1070
488
426
951
818
835
854
992
1058
1045
1054
1024
981
893
880
825
920
1029
399
673
573
496
981
907
936
1008
1020
1063
1043
974
907
909
1027
921
1042
516
470
927
594
394
953
854
829
792
513
402
826
823
892
894
906
964
970
920
900
895
845
1023
1142
1110
1131
1101
1062
997
895
655
933
817
1032
1058
1078
1120
1091
1039
935
840
632
960
807
885
1039
1158
1098
1062
978
1009
1142
337
604
1063
593
477
1052
1065
1006
861
821
883
908
945
1279
1235
1271
1246
1232
1192
1124
1159
1164
1135
1132
1109
1034
1120
1134
1164
1152
1120
1101
1102
1094
1115
1005
1053
1069
1080
469
550
864
862
884
988
1076
1074
1085
1057
1003
979
933
634
588
509
858
883
899
984
1054
1091
1056
1004
907
877
864
872
1004
1106
1107
1071
1041
1007
1002
1018
984
1045
1058
1057
965
1007
1028
1016
1006
1020
988
312
639
955
1043
1025
1020
1029
1000
517
450
948
894
337
1365
972
1001
977
1074
1068
1037
1063
1049
1065
1080
1114
1113
1121
1101
1085
1098
1108
986
959
911
898
860
936
957
907
889
911
909
853
896
925
911
957
984
978
928
988
1041
988
1040
1093
991
1048
1027
948
1024
1036
965
1009
1015
947
952
1019
992
992
1084
1066
1023
1063
1051
1000
1028
1027
1052
998
1039
1016
1289
667
966
979
817
878
834
786
811
923
1004
1002
1111
1086
1016
1013
1048
1078
1065
1089
1088
1082
284
776
1113
1113
1079
1065
1097
1120
1097
1081
1104
1127
1071
1116
1150
1144
1164
1205
1220
554
611
1164
1120
1042
628
466
1137
1146
1054
1097
1108
1099
1067
1115
1097
1061
1095
1081
616
405
1069
1090
1054
1102
1147
1116
1112
1103
1059
1091
1103
1046
1076
1095
1086
1083
1132
1057
1039
1067
1076
1047
1091
1089
1058
1085
1103
1085
1085
1104
1105
1088
1150
1153
1111
1136
1167
1131
1172
1172
1157
354
814
948
480
899
1203
1021
2464
325
256
481
1144
1177
723
507
998
1138
771
426
1025
1161
1148
1133
1118
1127
1049
1058
1108
1103
1054
1113
1096
1016
1089
1126
1086
1086
1129
1112
1049
1098
1107
1081
1055
1122
1153
1118
1008
1033
1052
854
616
607
1896
850
802
825
788
824
820
787
795
768
313
405
714
745
754
774
814
489
344
820
864
490
420
972
1014
974
1019
1016
929
965
1052
1050
1100