765
768
764
737
1496
759
784
778
716
684
720
674
760
578
262
795
397
3268
650
635
609
616
615
602
617
624
627
604
635
625
618
616
599
688
688
521
874
736
716
654
673
651
702
693
729
668
724
721
712
723
749
725
691
717
730
758
769
746
772
775
797
763
771
794
834
859
843
775
794
797
808
796
759
790
819
853
815
782
805
837
853
786
793
847
857
804
838
854
857
789
802
824
857
813
846
835
849
862
855
777
800
800
789
752
751
701
735
762
829
807
872
877
896
876
810
776
757
747
748
780
848
938
985
962
923
844
818
813
799
793
815
790
823
853
894
875
861
857
818
778
787
774
773
785
795
775
731
758
777
857
855
836
769
771
751
745
760
745
747
752
735
734
1457
755
747
758
767
759
755
738
736
732
720
714
776
861
990
964
892
896
914
885
883
877
798
768
750
712
757
740
744
750
751
744
751
752
770
732
791
823
929
957
922
857
886
891
913
849
846
845
860
859
850
877
887
827
833
848
861
854
824
797
783
775
760
745
771
796
824
829
786
798
809
822
798
803
812
832
850
858
812
825
844
882
907
873
837
835
819
815
779
798
804
823
807
793
792
756
788
823
796
820
818
823
791
811
844
864
857
810
823
814
822
790
798
815
829
844
798
814
827
836
809
837
831
841
807
809
784
786
779
758
804
853
917
897
951
953
919
846
828
817
817
832
826
789
818
812
780
831
838
847
803
826
821
833
813
831
865
905
887
879
896
893
870
820
824
803
804
793
777
838
908
973
979
920
932
929
898
860
860
854
851
811
808
820
851
863
825
867
877
913
871
893
882
825
826
834
841
854
813
834
854
876
848
857
864
851
820
822
815
823
818
800
743
754
735
730
728
733
778
828
887
923
888
843
824
813
799
761
769
754
724
751
746
778
820
816
863
872
880
842
850
843
777
729
747
752
788
794
811
831
862
817
769
731
810
794
817
812
799
770
726
735
723
725
735
732
767
787
791
829
827
844
773
713
731
721
724
711
756
800
896
893
928
931
888
898
859
825
822
810
781
797
790
761
793
784
782
775
741
747
764
786
832
821
847
852
841
820
771
778
770
772
759
790
804
853
811
825
838
813
786
800
809
820
791
805
824
845
805
826
809
780
785
790
810
832
811
759
765
744
736
685
708
677
677
710
794
800
776
798
813
828
787
816
804
766
776
775
782
786
783
764
759
766
780
810
836
861
885
837
854
820
782
822
821
787
803
790
767
756
739
706
719
729
767
782
895
934
914
852
867
879
856
830
854
858
818
859
885
884
816
849
832
836
836
804
756
767
736
747
762
765
737
767
796
854
886
843
854
879
876
811
779
777
776
768
763
797
805
799
844
841
853
812
802
794
784
770
764
754
718
733
716
731
747
772
748
788
795
814
825
814
784
747
742
734
756
802
781
802
855
877
917
898
841
781
764
752
746
766
790
763
782
845
841
870
872
870
851
815
813
784
761
732
714
725
735
789
881
910
908
840
809
779
792
789
814
839
788
811
814
830
841
841
829
803
750
740
740
747
776
792
783
786
777
778
782
785
766
727
723
747
775
814
827
810
819
800
786
763
777
784
791
785
798
810
847
831
798
809
799
802
795
790
761
777
798
811
818
833
865
865
834
802
758
748
752
774
786
791
795
781
779
770
751
767
759
783
802
807
820
818
856
812
812
807
821
835
830
817
796
756
726
714
695
689
707
708
748
788
801
802
862
859
896
922
908
875
828
821
812
790
786
765
745
765
752
762
771
809
804
828
792
790
791
797
786
794
792
827
846
861
876
867
860
814
813
794
781
766
718
721
710
706
751
827
831
887
931
948
960
908
811
788
775
738
763
752
733
730
728
769
822
873
901
907
886
850
808
750
755
737
749
738
783
824
873
896
876
813
799
782
780
785
765
755
769
803
855
891
899
876
851
798
793
758
756
745
753
746
770
798
857
893
895
838
789
751
767
803
848
862
822
798
793
792
807
820
832
830
829
812
778
759
756
766
766
807
848
805
819
854
865
869
867
838
811
786
763
734
701
716
709
734
759
735
752
804
866
907
870
847
825
817
810
802
787
806
813
834
853
835
843
833
798
802
779
798
822
841
857
850
840
807
790
786
766
766
774
806
838
844
811
803
789
797
813
826
826
808
790
808
817
852
842
836
856
862
809
836
825
825
813
771
770
763
769
770
787
803
801
808
760
762
766
773
814
840
838
821
801
789
748
752
761
800
828
855
857
857
850
805
805
793
792
797
781
800
774
782
768
779
788
793
779
771
766
738
767
775
828
813
850
837
829
803
781
751
704
691
681
686
687
708
753
807
822
836
829
785
765
724
696
722
751
829
880
886
876
848
784
773
769
768
770
779
784
797
810
802
780
802
792
780
785
782
755
780
763
801
822
845
854
847
830
783
780
772
759
759
745
777
818
848
860
811
788
758
757
753
763
776
801
783
781
777
790
794
803
803
756
760
744
753
764
752
793
813
798
825
810
783
760
758
736
737
764
774
769
772
776
759
747
751
747
754
766
752
749
724
746
763
775
774
766
771
750
765
780
801
783
807
821
828
779
785
773
777
770
741
736
751
768
782
816
828
819
801
734
734
729
742
793
790
829
844
822
784
764
757
750
750
754
742
749
768
741
767
773
796
792
794
787
780
778
736
734
730
749
771
812
804
818
813
817
807
794
793
775
798
803
792
776
785
765
766
775
790
806
825
824
794
781
782
790
771
790
813
815
781
775
779
753
747
762
791
835
861
870
867
849
823
783
773
766
757
707
725
747
813
869
883
871
851
805
810
780
772
786
827
885
921
920
881
841
826
818
815
821
807
764
777
779
814
852
869
899
930
934
864
878
860
814
813
810
820
810
773
777
798
823
854
868
863
870
845
822
825
821
827
830
827
831
824
797
782
782
771
808
851
898
931
915
870
814
766
751
770
756
771
783
782
755
759
788
821
832
863
877
892
893
860
827
801
787
743
749
758
764
786
816
864
896
897
889
858
821
786
758
747
733
729
734
775
862
910
860
869
910
911
860
858
852
841
833
790
770
758
762
782
787
739
754
764
794
821
842
853
852
858
849
783
788
790
803
829
837
832
792
807
787
789
799
810
794
815
821
822
855
882
886
875
867
849
822
803
786
748
746
745
761
803
860
829
843
872
860
810
787
820
812
800
765
763
760
773
810
797
854
876
875
851
866
882
879
881
869
862
843
811
780
778
787
811
844
871
841
819
805
803
803
789
789
786
810
837
836
860
862
843
838
821
800
808
813
839
852
854
782
779
775
778
800
815
855
854
849
838
805
776
742
739
737
772
805
834
856
856
820
822
812
810
812
805
849
838
844
825
829
830
846
854
851
834
814
806
779
791
806
806
844
831
818
816
801
775
788
802
824
878
890
864
879
882
879
846
833
815
805
797
813
822
813
822
835
834
836
826
834
817
794
785
793
801
802
802
756
764
764
769
773
786
731
773
784
809
791
755
769
745
757
745
736
720
727
732
752
775
775
783
776
802
802
801
809
804
780
760
786
833
870
855
810
793
787
781
780
782
804
818
814
772
789
818
815
805
802
806
809
762
762
776
839
893
919
922
920
888
854
853
859
876
910
932
919
899
872
830
811
809
827
879
917
930
923
910
884
848
835
829
788
731
729
740
786
859
974
980
943
864
872
851
846
836
808
832
823
817
839
837
836
812
849
858
860
843
812
822
815
809
797
785
764
784
780
771
813
868
906
919
878
836
829
816
800
800
810
817
855
855
834
809
782
759
719
728
730
786
938
977
973
951
962
954
917
887
849
799
792
779
779
793
814
817
794
819
814
830
801
825
838
825
789
776
787
760
790
801
830
812
837
852
865
858
819
833
825
841
870
835
861
881
880
889
852
799
812
820
847
874
849
887
893
882
809
826
811
811
803
809
806
781
750
723
727
740
771
785
771
799
853
894
930
917
893
831
781
771
754
752
762
758
752
789
842
936
896
941
945
926
896
840
827
813
803
844
873
890
860
887
893
865
894
913
898
874
894
897
889
857
872
906
904
861
863
868
873
851
852
877
885
829
836
858
862
826
821
842
859
832
845
867
838
814
830
814
810
784
781
796
798
804
771
731
765
782
790
864
917
920
890
893
875
852
810
826
838
857
854
866
889
914
917
883
837
838
835
842
842
824
846
867
847
876
906
901
904
925
925
885
872
856
836
817
830
838
860
841
862
888
897
872
857
860
869
860
858
876
902
873
890
910
912
863
856
848
818
822
836
857
834
857
894
874
872
868
863
837
840
847
860
862
859
897
919
927
886
872
837
790
747
766
781
811
814
826
865
890
855
866
867
833
833
854
867
842
844
871
881
857
826
829
819
813
817
809
789
802
814
840
837
878
885
893
912
912
874
868
863
848
799
799
797
804
836
817
820
840
870
891
870
893
909
889
862
854
813
780
760
788
809
863
915
949
936
894
887
878
857
805
789
784
762
764
791
824
841
836
864
886
874
861
891
915
911
867
861
862
830
791
786
802
813
851
880
892
893
857
854
825
803
815
821
819
809
816
826
823
797
798
799
806
813
844
866
862
856
870
852
827
824
836
809
802
822
841
820
823
828
820
793
805
823
818
786
798
815
805
798
832
865
826
845
853
843
786
800
791
805
806
791
809
831
829
821
848
864
885
872
883
846
803
791
824
850
880
891
897
897
891
846
842
852
869
865
844
861
871
878
860
820
827
827
825
847
822
795
809
832
866
893
864
874
883
882
840
849
852
854
853
843
847
856
868
852
855
865
880
862
855
795
799
809
813
798
795
821
829
832
811
831
851
885
907
866
852
880
904
890
867
896
910
894
854
874
895
877
843
848
850
838
831
858
875
861
855
858
862
824
825
845
860
844
810
832
855
841
852
843
842
852
854
836
846
863
882
872
867
886
900
888
909
929
891
856
864
864
843
840
863
882
872
857
872
859
835
816
804
812
789
811
845
874
860
842
855
858
858
834
853
831
818
835
886
924
934
888
876
884
887
869
841
854
879
887
870
893
930
937
891
894
910
904
848
836
799
778
820
843
863
898
914
879
857
861
865
828
801
828
854
910
929
900
863
854
831
815
806
815
827
833
804
815
839
886
894
885
921
935
915
863
850
838
828
818
804
820
836
828
838
867
919
960
928
891
882
866
830
844
846
838
873
901
927
918
919
931
903
873
893
882
858
831
810
761
741
729
789
829
909
961
985
966
925
906
881
856
835
797
806
783
779
769
762
811
860
889
861
878
878
879
871
850
878
901
926
926
912
885
884
874
820
836
829
851
873
837
860
889
856
859
854
820
832
844
857
846
851
854
845
824
788
790
767
749
720
741
736
749
783
823
812
847
859
905
892
840
862
864
881
896
872
816
826
820
830
801
791
803
795
827
872
896
857
840
823
780
790
731
743
747
780
840
855
804
818
826
813
828
866
890
889
880
887
888
878
844
850
845
822
823
815
801
819
821
838
828
789
779
775
758
777
783
833
886
933
950
912
847
846
825
813
803
788
750
764
762
770
781
803
803
802
849
894
938
961
898
845
847
820
801
769
778
830
851
830
880
903
899
908
903
857
846
837
857
837
858
884
901
898
838
851
834
813
843
867
886
844
850
858
857
862
814
775
775
798
853
892
912
883
853
816
781
753
728
693
714
706
787
975
966
993
958
921
937
915
871
840
827
814
808
796
782
771
777
792
813
823
846
830
783
783
762
749
718
754
733
733
743
739
712
725
734
721
729
754
753
819
896
990
1004
962
932
931
887
829
792
789
774
766
743
776
802
907
981
939
933
900
878
863
864
844
790
777
761
785
808
924
926
897
869
854
879
883
850
808
778
760
723
745
737
797
871
836
785
834
873
906
917
924
874
841
825
819
816
811
813
836
865
891
894
894
866
863
867
879
865
862
894
901
899
862
829
833
800
798
810
819
801
816
775
804
805
822
861
863
785
758
755
734
705
692
684
709
738
729
711
734
738
740
741
739
739
735
733
743
732
780
821
871
912
930
912
930
929
908
896
859
842
821
824
832
833
836
805
824
818
822
824
776
803
781
793
805
835
827
854
849
849
859
855
815
814
813
848
884
854
850
865
884
872
850
808
794
767
776
791
792
813
796
796
794
775
749
749
750
775
841
881
876
895
873
857
853
848
835
814
792
797
797
815
827
826
803
805
800
794
795
776
779
793
808
847
866
842
856
842
805
804
794
794
771
781
787
813
820
817
836
820
799
802
792
774
754
764
771
802
813
850
878
866
836
831
834
828
813
833
850
846
849
833
833
801
793
799
793
771
792
819
838
831
858
866
834
804
802
767
748
752
763
784
813
804
771
787
763
735
746
771
769
789
802
820
811
801
818
840
836
824
836
832
874
855
841
808
809
805
787
784
804
804
788
813
849
828
837
864
856
813
825
825
810
774
786
786
785
770
787
821
847
867
865
840
836
829
805
781
794
801
813
794
827
853
848
849
876
896
866
854
863
865
825
841
858
848
885
917
932
876
863
854
845
797
794
812
812
828
799
835
845
861
829
838
853
838
850
866
830
851
850
849
816
826
850
860
883
854
868
886
899
876
830
827
828
809
774
789
800
826
861
870
850
807
813
821
836
826
849
880
884
891
890
876
896
898
867
861
874
858
841
869
895
895
910
918
908
866
866
862
850
843
861
845
861
879
892
887
873
810
807
804
804
763
784
792
821
841
872
854
864
863
862
854
829
815
811
815
832
849
836
849
812
780
796
808
799
830
840
837
826
785
762
759
774
827
899
932
969
946
900
893
883
866
827
830
836
854
863
854
890
903
894
890
924
927
926
890
896
884
875
896
918
917
892
901
894
887
865
879
885
855
837
853
862
863
844
864
875
878
867
849
854
836
831
802
817
831
854
838
849
813
812
849
848
806
771
788
783
787
801
784
774
791
796
813
802
831
893
947
955
922
883
886
883
869
837
870
872
886
859
895
904
898
844
828
830
828
839
829
836
873
892
884
856
871
882
881
842
863
868
869
840
865
890
884
880
887
888
843
813
817
835
816
852
850
863
836
805
814
830
862
880
852
843
820
783
792
791
803
797
835
812
855
848
863
861
819
777
777
770
745
766
773
793
813
840
844
865
884
914
904
880
891
884
889
885
823
835
822
819
815
808
795
765
787
789
819
890
855
891
901
839
797
792
753
750
759
741
796
829
857
854
831
815
790
771
748
747
787
919
1008
984
1013
1022
953
904
824
815
796
802
821
813
846
863
902
914
897
887
828
765
736
763
776
797
862
870
864
865
835
820
802
782
747
760
770
830
952
1017
986
991
980
952
905
863
791
802
800
813
825
804
784
798
800
811
756
777
779
790
783
757
767
771
773
774
782
783
798
813
821
828
833
848
827
790
813
835
886
905
901
882
854
829
796
800
804
824
883
918
945
901
829
827
819
830
841
857
851
851
839
786
842
864
908
915
894
878
810
845
857
886
894
896
833
849
827
827
822
793
849
783
814
832
838
829
813
793
773
735
747
728
728
747
796
792
748
809
839
896
945
966
937
900
809
820
816
827
851
865
871
869
859
848
843
803
818
808
795
768
789
828
799
860
870
859
820
841
831
828
818
769
797
790
780
809
828
854
857
851
831
829
811
817
790
820
854
942
949
946
923
846
861
868
893
892
877
943
960
947
889
855
862
869
892
883
874
850
834
819
803
745
777
783
880
964
979
955
892
878
858
846
829
845
853
878
886
839
846
837
853
882
882
892
882
868
877
849
818
855
912
1008
1013
979
935
890
820
826
823
856
896
843
916
929
963
939
919
897
844
843
838
847
875
919
929
910
811
830
840
892
913
937
954
925
892
849
846
844
855
865
884
894
879
872
807
831
854
896
917
905
897
824
827
839
849
837
887
895
910
922
920
905
905
892
877
864
853
884
927
969
901
854
854
869
880
877
833
833
828
817
821
827
836
816
784
804
825
808
782
823
863
862
807
818
817
829
853
879
888
826
844
875
940
978
952
900
888
813
800
793
814
867
957
921
1005
1013
1010
957
918
883
845
802
756
740
748
739
790
874
863
960
1036
1059
1017
942
955
932
907
887
856
815
832
857
916
978
993
919
940
948
945
922
858
860
890
927
958
965
934
865
833
832
853
887
936
921
873
888
901
943
950
902
847
858
874
885
897
868
834
840
831
815
786
740
768
793
836
888
868
840
860
880
877
826
854
866
924
970
991
933
940
935
867
811
867
836
809
794
785
754
732
722
699
688
689
692
705
726
736
747
734
775
811
886
956
1004
945
933
946
972
976
942
896
888
898
928
915
916
964
1004
970
975
946
891
895
863
854
858
900
962
911
927
914
897
880
862
829
779
757
767
789
835
867
887
872
870
858
837
807
816
811
800
877
928
996
996
995
994
938
947
953
974
968
922
873
804
776
750
774
753
728
715
718
740
840
838
797
826
837
821
811
789
782
781
755
780
813
902
943
987
1010
979
949
889
883
850
828
793
790
803
813
843
843
839
831
807
803
826
855
920
938
886
815
811
824
847
823
814
777
793
786
811
847
890
910
890
862
823
775
768
757
776
917
1003
982
975
1009
1013
964
905
855
816
771
732
745
725
744
898
945
1006
1082
1059
1006
1024
973
961
966
941
920
867
864
845
850
824
838
795
830
848
880
883
916
839
838
816
805
758
768
768
802
897
954
942
906
838
826
825
837
903
919
912
873
848
792
790
780
801
854
944
963
927
914
885
878
861
839
819
793
772
766
736
771
817
902
905
882
847
825
780
723
756
730
723
694
730
728
748
772
809
778
837
854
813
876
953
976
965
931
894
875
855
829
772
792
815
866
919
933
917
895
862
837
780
760
772
784
873
969
969
953
941
918
859
810
746
762
748
786
845
843
896
944
926
958
942
892
837
839
823
827
836
841
803
771
766
775
797
887
935
947
885
861
877
864
871
840
872
829
857
866
866
829
843
846
858
868
887
876
870
864
882
882
864
886
904
927
911
887
924
927
907
882
850
814
776
771
778
819
863
852
889
905
870
873
871
858
832
809
782
756
741
727
745
803
897
923
901
905
874
860
875
884
899
892
880
916
908
872
873
933
929
884
884
884
851
817
813
789
777
772
754
762
768
804
901
930
952
1003
1005
981
931
932
902
813
804
814
844
890
937
949
864
840
857
854
852
851
823
812
803
797
763
773
797
828
852
871
856
827
813
810
821
831
862
884
879
908
920
936
931
914
891
818
813
794
799
813
829
833
847
818
839
851
859
872
892
913
909
929
928
916
886
821
819
803
804
840
888
913
903
854
847
847
861
871
911
923
886
870
873
893
896
882
872
839
796
750
755
750
752
764
834
937
998
958
913
957
929
828
834
819
812
813
798
841
889
908
904
924
926
919
892
844
854
834
846
840
861
849
845
873
907
917
912
863
878
832
848
844
874
902
880
879
904
903
898
814
827
834
850
841
829
851
848
861
845
829
849
835
826
797
775
774
779
804
822
874
921
938
924
923
901
841
831
829
830
857
849
851
882
947
964
941
908
915
903
868
886
914
938
938
903
914
872
892
918
920
903
910
893
852
855
877
896
869
883
914
881
865
880
896
907
913
861
882
883
896
884
878
847
813
826
846
812
802
860
933
919
925
933
916
859
852
836
860
867
861
904
954
975
954
900
921
941
910
923
878
844
855
891
907
877
870
873
828
838
852
881
891
832
841
827
847
878
907
929
927
943
956
949
923
864
840
834
852
888
902
976
975
958
952
950
922
872
820
813
812
870
938
959
953
964
942
949
927
904
919
918
893
873
866
879
892
861
885
923
908
887
903
906
916
892
850
820
847
885
904
912
926
924
901
871
877
877
892
897
876
905
928
939
928
839
802
820
827
854
891
907
897
842
870
878
914
885
893
917
940
923
882
893
899
882
816
822
842
879
886
904
938
947
933
893
902
898
893
833
825
854
899
931
920
936
938
889
874
888
894
858
885
918
945
942
916
867
894
864
842
857
869
880
880
842
845
867
896
933
924
957
967
972
949
896
900
903
893
858
913
946
966
907
885
837
822
866
863
850
877
890
869
849
869
890
871
858
880
896
873
887
909
909
902
889
859
842
848
874
897
896
939
983
974
907
902
891
867
881
889
905
901
884
846
849
861
876
877
918
964
974
937
858
842
876
896
900
896
900
884
874
868
848
813
843
868
884
851
866
888
925
938
927
903
878
836
774
772
762
777
842
877
889
955
950
949
922
839
835
817
789
792
758
773
743
728
739
750
745
757
781
810
845
845
789
837
875
929
957
957
941
933
920
877
916
968
1033
1074
1021
938
959
964
958
953
876
888
905
954
967
920
950
967
956
950
897
902
912
844
884
919
952
918
905
919
940
962
967
924
856
870
899
951
975
965
903
892
897
929
970
976
936
991
1010
1020
971
924
934
946
968
962
925
840
882
925
993
1010
919
949
956
958
939
851
867
863
872
909
920
913
908
889
852
853
874
831
876
914
958
977
972
967
907
890
905
911
920
926
936
922
893
900
901
873
784
796
807
838
892
1007
1007
938
839
875
884
899
890
880
871
811
789
806
828
935
1011
1041
1036
1005
916
905
886
868
834
819
803
770
754
770
774
867
919
897
903
911
941
944
935
918
877
892
926
925
903
813
816
808
857
909
938
932
953
977
962
904
906
906
883
794
885
866
884
871
853
826
815
801
784
776
773
805
805
852
896
978
1005
980
946
908
865
825
830
887
914
891
946
988
1018
1009
971
925
889
844
866
859
836
873
931
880
854
983
970
967
922
880
840
806
756
739
766
813
1016
1025
1043
1037
1006
924
893
894
909
889
924
944
933
933
884
782
805
813
864
916
920
884
886
885
912
909
903
881
897
870
878
879
831
889
895
904
894
880
882
888
902
925
949
962
939
943
938
936
938
939
955
951
950
868
896
920
966
951
987
962
939
924
901
882
879
869
845
871
892
925
942
945
865
878
818
839
848
882
896
913
922
929
913
930
957
905
911
936
938
944
924
897
829
823
833
900
972
1003
1009
986
952
915
890
873
873
876
833
830
936
1021
1069
1067
1029
983
948
908
876
841
767
774
785
821
918
988
970
927
928
910
909
911
909
901
905
892
885
874
892
867
930
949
963
875
900
909
922
928
921
904
825
845
869
917
937
887
893
875
875
863
862
862
860
880
892
819
859
871
919
952
958
937
909
867
797
767
786
764
749
854
1031
1021
1021
982
948
926
879
862
863
881
912
923
862
883
897
909
902
887
877
865
853
778
820
858
937
964
972
964
860
871
899
904
954
950
827
828
857
854
875
879
874
854
836
824
808
761
787
790
809
840
864
871
872
872
872
867
889
878
896
927
943
949
939
904
885
881
856
846
851
857
882
896
893
885
885
875
865
858
834
809
830
902
949
959
882
880
887
884
893
892
852
862
869
890
902
856
886
909
927
886
891
865
828
831
848
906
956
963
925
890
889
832
778
753
1469
720
720
717
724
726
715
727
732
747
772
779
794
845
904
940
947
934
952
947
923
912
863
870
873
877
851
895
909
965
960
896
921
933
952
945
917
867
860
845
857
880
848
889
914
971
988
958
891
839
790
755
742
707
742
752
784
810
877
906
919
907
900
935
985
993
974
996
1010
963
973
977
960
917
869
865
885
940
970
1009
969
936
942
938
900
872
915
954
992
981
1041
1038
969
857
857
860
894
926
929
858
806
819
814
831
814
820
879
896
903
901
866
866
864
895
957
978
927
950
979
1002
922
955
960
968
917
865
866
838
797
1610
847
813
778
758
731
741
755
761
767
761
756
739
729
707
717
723
764
835
934
990
1021
1036
1009
906
970
1047
1065
1065
973
949
966
1009
972
999
976
950
952
941
890
925
925
907
889
899
891
903
911
870
897
913
938
944
934
944
942
925
929
928
878
892
903
909
850
857
911
991
992
976
852
864
868
856
835
854
859
849
856
833
819
764
779
763
775
818
820
895
963
1002
989
947
897
877
878
867
859
861
854
862
839
862
874
909
892
919
914
888
855
858
862
872
892
850
841
830
826
793
775
787
798
823
857
872
905
915
915
905
889
878
852
816
783
777
772
777
799
795
771
754
785
821
895
945
923
916
904
887
867
862
899
931
953
866
866
874
892
914
912
876
855
844
831
837
848
840
865
888
902
915
862
863
877
888
883
901
909
896
893
834
844
862
889
936
976
977
914
934
923
914
914
909
848
840
848
862
898
907
906
909
876
833
813
799
808
834
892
933
958
891
885
903
918
927
913
884
884
878
890
872
903
909
861
835
857
892
897
914
917
896
809
812
812
834
886
921
917
865
882
862
814
783
785
797
774
813
820
820
810
827
847
867
878
856
822
826
832
821
817
854
870
884
933
940
942
906
896
830
843
846
873
912
932
934
919
895
882
836
847
848
843
907
933
937
913
892
828
818
818
832
825
841
873
881
844
828
797
771
776
780
822
857
903
911
944
872
906
892
902
873
856
864
838
853
854
866
883
884
864
852
853
855
842
842
810
829
786
813
848
881
896
900
885
852
865
879
871
879
877
842
868
887
893
833
766
784
796
825
811
855
874
896
894
847
853
857
871
870
885
919
928
870
856
863
887
895
915
931
942
914
911
888
863
870
854
819
815
831
858
872
854
869
871
867
879
869
841
839
848
872
883
852
868
905
931
942
935
903
849
851
848
874
900
922
945
947
949
922
916
894
854
865
873
907
904
911
908
909
903
869
858
877
888
900
878
896
824
830
843
856
858
807
800
821
842
839
849
859
876
890
880
878
882
889
895
893
884
856
884
933
948
871
848
896
923
928
920
896
867
830
804
793
793
803
789
841
891
946
928
919
884
872
862
844
877
905
905
915
951
963
914
897
900
890
873
808
791
808
830
837
838
851
866
884
878
876
866
855
849
829
791
793
798
836
889
921
933
902
860
858
837
854
858
895
974
1013
959
953
961
942
916
854
860
843
831
850
877
930
943
908
952
955
944
916
849
850
854
841
854
916
988
1020
1023
983
918
898
890
868
864
882
878
882
822
840
877
936
946
941
960
942
920
922
914
883
879
888
903
887
907
955
950
953
962
951
906
855
838
830
849
855
867
858
833
809
805
824
896
977
992
971
907
855
846
848
849
796
783
817
904
963
953
955
942
853
846
842
850
878
912
841
844
844
884
961
1006
1008
926
923
924
931
939
929
921
905
879
869
869
873
860
868
878
904
905
890
875
829
822
836
868
896
931
963
948
915
910
880
877
861
850
879
892
865
854
870
866
882
888
885
890
853
781
771
754
716
711
754
828
845
859
859
854
817
799
791
784
787
767
771
780
794
819
835
868
820
861
893
965
1004
1009
992
979
958
874
886
923
966
982
992
990
964
921
927
912
885
866
820
832
864
902
929
945
929
921
897
829
852
893
1020
1038
945
1004
1020
1014
989
961
924
915
893
879
806
816
850
954
1036
1055
1051
1027
1008
988
958
928
923
930
938
935
916
830
854
896
963
937
876
850
889
851
855
877
882
830
820
848
870
893
890
868
865
859
829
829
845
859
901
945
977
923
942
944
951
932
920
912
851
867
911
1000
1029
978
923
915
897
852
810
800
895
930
898
889
878
838
788
813
807
867
894
913
997
1033
1018
993
968
929
887
832
825
838
905
1016
1050
1050
1028
999
972
913
906
913
919
910
901
888
868
824
796
827
896
935
911
965
913
929
958
944
941
946
909
864
882
900
923
947
955
934
852
869
877
879
881
879
874
816
787
796
822
944
1017
924
865
892
906
896
865
835
798
780
778
782
808
854
881
883
880
924
984
1012
1051
1031
992
922
914
912
927
936
942
944
905
861
841
889
943
1019
1063
1063
990
963
909
897
875
876
901
919
887
863
911
980
1018
1027
981
954
933
880
873
900
941
934
943
951
916
896
889
875
901
904
858
834
785
799
804
842
910
938
935
896
918
937
952
951
901
917
950
1020
1049
1021
935
929
937
940
933
925
860
874
872
880
885
838
823
842
862
904
948
957
908
904
920
954
971
935
917
927
913
876
897
903
909
883
851
870
863
899
919
915
884
907
931
960
953
886
880
868
878
907
891
903
961
1013
1002
931
923
903
902
883
867
821
831
838
866
892
901
852
834
882
901
898
859
809
771
734
737
721
746
794
845
837
885
878
930
990
1034
1026
955
948
975
990
989
964
931
911
915
933
964
978
958
961
968
925
894
944
1059
1037
996
912
893
877
879
858
891
928
948
944
897
900
907
915
865
858
825
862
806
773
831
812
820
820
833
815
813
804
778
786
782
809
868
942
1004
1042
1039
1028
997
955
923
896
871
813
796
795
769
744
741
725
727
948
1075
1058
989
933
854
850
838
826
817
799
771
741
722
689
718
739
880
1045
1057
1117
1072
1004
1031
1045
1019
1010
998
977
964
924
924
923
928
933
922
904
878
837
854
887
942
899
936
933
938
909
880
813
823
844
893
1026
934
872
929
930
916
907
900
872
864
863
868
878
894
922
874
893
901
920
899
916
943
964
962
950
896
908
914
908
890
911
933
963
958
944
969
963
910
891
899
890
873
842
855
886
932
902
935
962
956
916
923
922
897
875
896
923
915
916
890
886
894
904
888
858
844
870
884
907
900
911
902
888
874
871
876
821
773
796
821
849
869
889
911
910
900
867
877
890
909
892
884
913
944
947
908
923
923
901
863
883
896
903
849
857
863
871
837
860
893
912
885
847
859
863
862
829
836
866
898
908
877
871
884
907
916
889
891
885
836
835
832
841
833
890
922
946
944
895
886
892
874
878
860
828
832
832
859
895
918
918
909
927
927
938
890
823
815
809
812
831
836
844
817
820
821
828
824
864
896
904
895
919
919
933
928
877
878
871
855
866
841
887
914
917
897
902
902
874
884
887
876
893
916
929
933
896
896
888
872
875
893
910
893
916
922
916
887
894
889
883
869
900
923
901
928
947
962
951
903
889
905
914
914
894
912
922
937
931
906
920
931
939
894
878
890
889
917
886
929
938
947
916
928
905
873
885
882
865
855
872
909
921
877
879
897
929
945
909
921
925
919
909
871
892
906
912
903
910
848
793
844
879
898
868
868
866
865
880
894
854
858
894
898
967
1005
1016
1004
938
929
914
893
869
871
890
914
917
955
979
967
986
980
975
951
900
885
872
849
853
896
936
924
997
1038
1041
981
973
963
940
896
899
915
934
943
1000
1018
991
961
962
942
881
875
902
926
932
894
912
943
962
937
863
838
865
851
808
826
878
911
951
948
893
891
887
891
912
906
946
977
981
949
924
900
865
843
857
874
891
878
865
890
895
868
888
923
943
957
949
976
981
958
963
945
930
967
996
994
963
964
954
912
929
960
950
938
942
951
946
890
900
906
910
865
863
888
911
882
876
896
907
929
938
925
857
843
817
818
833
843
806
798
860
946
973
965
945
888
840
826
788
770
771
771
774
757
789
790
810
828
827
810
785
762
729
737
753
788
971
1013
1002
1005
1015
1012
980
870
825
838
818
826
821
813
779
798
758
799
868
1001
1030
1021
989
889
868
894
863
769
814
778
811
799
815
824
825
815
795
771
782
765
772
816
885
939
1027
1060
1013
1033
1054
1052
1033
985
965
956
961
986
993
889
901
960
1011
1035
1050
1033
941
913
908
970
1038
1029
964
985
1008
1021
948
867
878
907
967
1005
1004
965
900
855
878
870
915
963
979
940
962
957
938
928
902
863
913
939
959
956
955
879
843
845
873
937
1000
1004
932
888
924
957
965
967
933
858
853
871
917
995
974
946
959
979
988
932
867
880
889
895
904
909
915
887
843
855
874
944
986
976
919
907
915
920
933
922
880
909
962
992
981
951
901
863
865
895
980
907
842
906
935
943
881
821
799
765
753
747
758
781
814
874
941
985
998
1014
1007
965
894
875
891
936
1003
1019
990
979
912
932
966
1025
1040
1018
952
969
964
965
956
915
859
879
896
952
1004
983
909
917
941
931
952
907
925
940
914
938
934
886
918
934
922
871
841
784
771
767
788
963
1041
1097
1118
1084
1048
987
963
979
955
934
895
924
944
1013
999
922
857
873
838
847
881
920
947
966
909
911
919
946
943
940
896
917
938
953
963
909
926
946
971
939
873
874
872
912
942
904
920
963
997
996
926
903
822
790
818
776
757
752
746
739
736
725
704
715
694
701
716
753
820
866
916
958
968
939
925
922
934
957
906
927
954
991
1001
934
917
938
986
970
1002
1002
979
925
908
915
926
920
853
832
908
974
979
959
956
938
889
898
892
925
937
924
872
896
911
980
954
991
1010
995
956
956
970
959
954
896
905
895
933
933
912
873
890
865
856
896
918
912
904
904
887
864
826
853
878
921
972
936
953
992
1005
974
877
871
849
840
854
875
887
880
836
836
828
848
889
941
965
985
965
899
905
896
906
929
891
935
965
989
918
920
887
897
875
834
849
825
831
832
853
866
879
882
860
811
764
796
848
947
1010
997
1002
964
942
907
857
800
807
790
793
844
843
873
924
962
979
957
925
903
844
847
863
902
950
960
956
931
897
813
772
806
813
897
979
1020
1010
982
956
935
901
877
838
833
809
800
798
786
833
891
867
926
970
1004
1009
968
913
900
884
863
850
885
921
978
905
874
869
863
866
889
885
859
849
831
822
835
864
908
952
952
944
892
878
871
863
869
860
843
860
903
957
968
948
916
910
929
950
945
921
891
867
828
813
806
811
798
860
956
1022
983
969
928
853
862
867
858
841
829
810
784
818
830
893
930
918
888
858
819
803
788
780
751
810
880
1039
1062
1048
1002
967
931
904
890
873
880
881
845
867
861
891
835
840
860
877
914
933
917
909
880
858
842
827
805
816
813
811
779
825
850
940
971
965
944
903
866
805
747
748
749
809
1076
1083
1077
1065
1023
978
928
872
849
846
852
875
918
943
966
952
902
935
965
986
973
953
932
915
905
870
869
867
909
921
880
875
884
879
863
849
831
813
808
794
791
745
808
853
979
1021
981
904
858
862
850
872
875
840
853
867
862
875
885
875
916
950
958
938
864
877
869
875
862
886
883
854
904
947
954
938
896
875
846
809
770
772
786
810
833
862
874
934
933
957
951
938
906
854
809
813
791
795
833
816
833
907
1016
1009
1038
1018
970
932
875
803
823
828
877
919
932
924
903
878
861
792
812
821
874
942
961
946
923
893
871
855
854
854
838
881
944
974
927
902
870
813
829
815
789
769
793
803
832
814
843
849
846
830
762
806
794
813
850
882
889
886
844
850
842
848
847
842
837
836
842
860
871
819
863
878
923
929
913
878
845
795
768
781
800
799
806
943
899
1003
1013
1023
994
964
886
853
807
779
772
796
897
996
1002
1013
1027
1036
1001
940
844
828
829
872
973
1041
1040
1036
1020
916
904
906
900
895
875
854
837
821
795
786
798
781
792
845
992
1095
1069
1037
981
915
861
787
811
804
864
979
996
991
977
939
914
892
882
867
865
902
926
960
959
870
896
895
898
879
858
820
768
771
806
852
931
973
974
967
957
904
874
817
808
776
728
733
734
774
990
1035
1040
1032
1004
968
904
834
779
795
812
862
907
938
936
926
911
891
878
885
885
851
884
899
922
896
810
832
806
811
813
833
873
880
900
849
851
858
855
850
877
880
842
866
852
903
915
938
949
936
912
889
861
816
814
789
790
801
788
816
851
884
898
860
864
859
864
865
856
838
797
801
811
852
914
948
962
959
950
911
898
880
867
850
844
844
832
795
774
804
847
882
905
911
890
887
892
839
869
879
876
930
911
906
844
888
854
835
811
781
758
722
709
691
680
674
665
661
702
758
859
849
942
1051
1067
1092
1066
1037
1027
915
959
1020
1025
1005
985
950
928
909
864
847
848
886
955
973
883
869
851
850
852
803
827
804
800
790
781
756
772
778
840
973
1031
1031
1041
1046
1026
983
897
834
833
818
833
876
917
988
1039
1061
1033
987
924
920
902
903
913
908
858
870
920
1005
1030
1036
1010
950
869
859
852
857
895
936
956
938
935
870
878
874
883
897
904
915
908
852
868
860
893
908
940
1023
1037
1000
970
888
806
795
787
797
859
895
883
939
989
1009
976
942
865
794
819
808
861
938
924
962
994
944
856
910
967
980
1003
993
1008
964
906
867
827
777
777
769
773
810
879
947
1011
1033
997
1006
989
932
919
927
973
999
1006
921
934
957
992
1004
1000
982
941
922
923
927
920
887
918
928
930
949
953
931
941
931
896
871
868
896
865
895
945
945
867
881
880
860
839
794
795
786
791
813
851
906
930
945
958
901
903
904
924
893
926
922
885
937
990
948
940
973
970
961
959
958
949
905
885
902
904
894
935
951
961
943
925
889
867
857
854
806
826
855
928
1011
1042
1021
988
906
896
870
855
866
878
882
860
908
925
890
914
922
915
896
855
849
836
854
897
926
939
938
908
867
851
848
852
837
861
896
924
885
912
918
933
908
906
827
822
830
858
882
900
838
855
898
953
992
998
951
817
827
801
806
825
861
882
900
922
944
896
903
898
896
893
868
793
787
774
754
733
789
902
957
947
925
869
857
861
870
886
873
897
887
905
881
428
411
857
875
890
916
902
929
926
917
928
909
950
945
959
942
906
843
845
801
771
797
756
784
813
863
877
833
856
871
887
894
888
867
861
872
876
911
916
930
920
911
898
839
808
858
918
952
948
891
905
837
813
861
857
851
852
833
813
797
790
764
755
771
795
914
1027
1049
1055
1031
1005
984
954
938
919
913
938
958
948
945
962
983
1019
1002
943
966
956
932
882
907
909
854
800
856
854
819
791
804
799
811
824
824
813
825
833
835
882
966
1012
1015
978
906
872
829
805
781
789
796
780
774
802
1104
1085
1021
933
958
953
942
886
864
851
847
823
820
833
840
895
918
842
875
893
949
938
948
951
921
910
854
906
938
931
954
975
950
937
926
922
939
934
940
942
922
887
854
881
906
959
986
930
920
930
921
905
871
891
910
936
949
971
964
942
917
844
834
805
797
809
823
794
776
829
891
961
941
945
935
903
855
832
820
810
800
838
951
1000
957
1001
1021
956
952
966
948
920
929
922
928
929
908
911
864
899
907
923
865
879
879
898
934
928
914
961
976
979
937
965
974
938
898
919
921
879
891
871
832
854
861
878
868
900
915
882
858
867
877
858
893
909
917
914
897
824
829
823
854
914
908
938
985
958
972
976
954
893
894
900
879
906
945
931
906
955
969
922
928
940
920
892
901
886
866
923
956
879
910
914
910
879
857
873
872
868
852
827
846
864
850
908
952
970
920
929
930
912
865
873
901
916
918
937
921
884
904
901
856
866
873
866
844
876
893
865
858
878
900
914
917
946
969
942
910
923
931
918
883
907
948
874
863
953
928
957
962
957
907
880
897
907
909
892
935
966
948
928
959
951
937
918
938
956
938
918
929
949
937
903
931
961
956
938
979
1001
976
950
969
948
915
952
977
985
964
994
991
978
945
964
960
916
892
891
888
876
864
841
809
822
850
942
1009
965
1019
1046
1004
954
944
930
877
818
781
795
806
836
839
887
942
988
974
930
934
956
959
906
926
950
941
944
995
1007
962
940
956
939
901
911
933
936
925
938
964
955
932
965
999
993
923
916
889
922
957
977
915
828
861
873
872
841
827
827
816
784
788
813
827
827
871
898
895
823
853
932
994
993
936
938
933
911
941
967
972
940
924
946
940
914
956
979
931
918
953
976
995
968
939
952
952
926
928
940
951
918
897
932
946
951
908
890
936
964
957
908
904
936
946
930
911
934
928
962
991
952
934
913
851
827
806
854
866
887
881
842
792
761
730
703
678
684
688
703
818
867
897
888
873
817
805
793
791
780
753
758
776
810
866
913
964
989
1000
999
947
918
875
879
891
947
980
967
919
954
998
1004
1021
986
928
881
908
951
1006
1000
984
905
916
923
943
994
1010
892
935
872
865
836
838
832
811
785
778
777
778
784
796
823
847
857
874
912
936
953
964
971
974
1012
1026
1010
958
937
904
875
909
1000
1077
1084
1056
981
936
906
837
815
796
819
900
1003
992