676
696
1379
4376
2258
5064
834
4459
3783
1274
2107
747
3904
3581
686
701
677
1462
781
1526
764
959
3373
730
1472
5235
785
1717
2370
2131
6700
1722
1676
853
886
842
2347
2647
2369
1900
1794
7590
1837
1907
3113
784
867
900
350
521
852
884
865
2644
867
3750
632
2563
797
949
9149
1599
1574
2965
1363
666
711
1339
7271
6368
918
2796
1839
1375
6718
2828
3666
1789
926
2800
1845
5373
941
1870
960
2800
947
919
953
951
1802
934
664
4950
1892
1914
3580
1724
3358
873
906
3386
854
912
2674
2623
5443
884
2455
794
1554
772
523
3563
2637
901
13035
897
1805
2799
963
1806
875
874
1759
1461
3205
2449
5636
815
1569
3667
849
761
779
631
419
927
3237
491
3193
1713
1116
494
722
306
3025
1547
5343
1359
528
2724
339
7253
5521
2057
490
389
708
354
353
9021
2213
711
726
720
765
1574
822
808
826
838
835
1564
753
1504
737
743
824
1834
902
1658
805
2343
796
2480
845
880
907
926
908
4675
1542
855
2262
365
809
796
794
1575
788
805
3323
889
2621
1654
798
1617
1752
1797
2853
974
1897
956
4589
1933
929
2854
931
2738
1778
913
946
1793
899
1718
6146
860
862
827
838
1807
1801
938
4525
776
775
860
3605
5255
883
5840
886
928
2540
819
2437
813
1688
1738
4045
1469
748
833
906
951
1964
953
910
2370
740
730
2592
884
881
896
2651
1708
3675
4133
805
1821
1884
861
894
885
890
886
1727
5908
836
1826
1764
872
874
1759
3391
1738
4014
1626
6752
758
836
1811
1773
867
838
1649
2333
2290
771
1857
1027
2797
2446
789
818
4458
824
834
861
907
4393
785
8044
2600
861
3311
2427
849
926
5021
2471
818
1630
796
777
769
2380
1625
830
2524
870
1726
872
859
874
877
2546
4871
759
780
4109
3137
771
1604
807
1632
833
830
822
820
840
857
1719
4412
827
799
807
2488
829
1794
901
942
3575
1688
1651
811
814
840
819
769
1507
753
771
830
965
923
893
915
1756
869
868
872
853
875
935
947
936
863
873
1713
828
820
1618
816
832
834
6085
819
840
862
4927
779
812
902
3652
883
3309
773
770
844
914
916
905
1719
787
779
773
800
825
841
1745
880
872
831
829
865
880
6850
879
1671
822
819
824
2372
754
756
878
11107
774
2508
879
1720
869
870
1762
1777
839
872
907
866
912
905
911
3422
820
819
828
1742
1700
815
814
4996
828
832
1646
1643
1688
3487
871
1688
837
828
815
2460
802
808
804
1585
1529
2313
1566
781
803
2451
3827
3945
881
971
985
900
931
913
849
854
837
791
799
818
849
857
867
826
799
791
826
833
3405
881
905
906
6010
1618
791
803
2604
830
830
1646
828
848
1670
815
3271
2323
1509
759
757
761
770
782
798
827
795
1585
776
770
767
777
797
772
752
758
785
819
834
811
790
786
776
763
768
784
812
820
840
830
827
825
841
806
828
834
829
821
810
791
767
769
809
855
869
845
803
793
790
798
770
776
812
815
792
812
818
830
821
788
786
796
823
822
815
804
769
768
759
777
792
805
814
820
790
780
768
738
746
756
804
870
826
845
876
923
934
886
822
804
783
776
803
835
827
817
815
780
782
800
809
820
821
801
805
808
793
811
809
789
779
788
794
779
779
801
793
798
819
816
814
842
826
810
835
808
821
842
838
863
857
837
784
781
785
805
802
793
821
842
858
834
818
830
849
850
823
789
782
794
810
804
843
844
833
861
883
852
877
857
832
792
786
783
800
813
809
794
808
820
845
855
838
835
816
832
827
838
830
826
811
790
752
744
733
751
771
751
775
830
811
806
829
890
890
845
869
843
824
813
808
791
742
735
744
791
787
790
765
792
866
941
958
900
859
871
828
869
882
857
877
858
890
910
902
860
886
899
863
822
835
847
889
919
858
921
905
886
832
836
828
788
779
789
857
890
875
846
875
854
838
862
861
856
837
809
822
829
858
819
814
835
876
841
794
772
764
774
818
873
892
887
851
856
841
824
822
828
844
817
821
840
862
885
897
871
835
803
780
763
769
788
821
786
802
822
836
832
816
771
776
779
780
777
790
775
782
802
841
798
772
747
754
780
791
812
808
794
773
759
754
744
733
721
746
813
992
1010
1031
1060
1006
878
854
791
790
777
798
819
824
822
813
801
783
780
770
758
751
767
802
820
776
792
823
925
984
986
929
915
871
836
814
809
795
789
772
759
763
774
805
813
861
886
885
861
842
818
788
790
791
780
788
782
789
832
879
899
871
843
844
789
788
784
799
817
813
796
782
789
773
783
788
777
782
783
804
771
781
794
808
772
771
778
779
761
772
795
811
809
820
825
824
840
843
821
819
814
795
813
820
838
821
817
813
799
820
842
845
838
817
803
760
748
745
748
731
721
750
826
934
947
898
871
872
837
794
763
755
745
728
730
771
817
859
799
802
822
832
831
812
820
814
807
811
802
834
869
913
925
867
809
800
784
794
828
904
945
957
949
924
874
814
808
772
766
768
783
841
893
922
856
885
882
850
857
853
827
825
832
842
853
865
883
858
850
860
867
855
819
827
844
881
880
872
801
788
781
792
814
819
807
770
771
770
778
787
826
888
922
921
909
814
777
743
727
726
759
780
795
801
796
790
774
762
756
751
771
853
932
933
891
913
906
880
855
821
808
801
789
784
778
785
799
814
825
841
848
867
858
844
850
841
818
794
766
751
749
760
787
850
906
928
883
884
863
858
830
797
803
791
792
796
831
884
915
909
850
807
802
792
799
788
815
793
792
831
882
881
890
869
842
816
794
771
765
762
750
775
853
894
915
903
845
823
800
784
758
763
775
824
844
842
813
795
789
787
785
784
786
797
801
798
788
801
824
788
791
807
819
822
785
785
785
790
791
781
783
779
775
777
795
816
805
794
809
773
783
805
844
853
832
811
816
809
797
817
847
875
857
854
868
883
842
857
853
831
845
842
824
842
839
825
850
846
835
841
853
799
803
829
861
852
813
815
815
806
787
802
813
871
883
885
829
835
819
798
808
789
836
830
831
848
844
831
821
771
775
783
828
861
825
858
857
850
823
804
794
776
748
755
766
793
840
888
905
907
870
825
799
783
776
779
763
746
757
806
880
918
916
885
813
784
784
798
805
804
806
797
791
799
789
775
796
819
796
796
820
859
876
846
843
830
814
785
778
771
771
772
805
816
862
897
881
828
792
774
781
832
930
937
929
902
862
828
819
820
817
838
867
909
849
841
847
880
887
858
846
1613
779
763
770
782
783
760
748
748
769
770
795
822
826
792
814
860
879
859
784
773
766
771
774
780
774
765
770
745
751
774
793
805
805
802
828
876
890
861
886
881
882
878
878
857
830
835
834
845
861
869
882
877
885
851
850
854
816
817
844
829
809
819
818
800
780
786
818
841
839
844
802
790
782
786
796
803
766
771
788
830
859
866
860
840
813
794
775
763
744
740
742
767
793
839
837
846
838
819
819
820
821
825
805
782
751
721
733
727
770
821
841
816
824
821
841
850
854
866
853
856
836
811
824
832
840
840
856
867
849
824
821
828
799
813
820
820
838
846
856
855
868
882
858
829
820
819
808
800
821
841
853
828
828
837
831
828
829
835
832
804
813
812
816
824
841
794
779
787
821
865
870
866
850
825
799
791
773
759
725
710
721
855
987
967
968
939
874
854
837
820
783
764
758
771
804
816
818
813
827
839
817
813
847
898
900
894
853
851
836
833
834
823
805
778
798
853
889
855
828
833
843
829
843
852
835
829
824
813
807
813
837
845
839
816
813
787
793
793
802
825
875
912
910
894
852
789
765
768
747
730
704
735
731
733
722
741
788
863
881
866
815
807
804
803
814
814
796
782
762
713
708
712
729
829
961
979
996
975
927
905
865
846
828
821
811
767
757
782
824
854
861
857
840
830
827
842
858
875
858
881
894
902
900
889
875
880
855
864
891
880
842
793
785
774
768
804
888
909
913
887
827
827
828
841
834
848
850
841
828
820
821
815
828
846
848
872
895
894
884
883
854
838
788
782
797
823
813
801
795
768
764
759
747
763
775
782
751
733
721
704
700
710
758
872
938
930
905
855
824
775
752
729
758
840
903
905
895
907
891
888
888
867
864
844
858
869
877
889
856
826
811
798
812
823
846
882
891
873
877
897
877
856
813
777
762
752
800
853
855
875
915
902
905
894
898
868
856
823
835
841
847
813
840
818
809
834
877
897
902
871
832
834
837
847
846
848
828
799
781
784
802
819
821
844
837
827
792
764
746
744
798
875
906
896
870
851
831
825
813
830
834
839
795
799
816
819
822
806
826
831
824
829
823
829
782
781
790
840
865
888
899
890
859
889
877
881
866
844
831
825
851
816
828
845
856
828
816
824
829
816
805
800
797
786
760
756
771
802
834
845
851
861
844
827
813
786
761
744
766
798
789
779
794
825
825
818
793
793
790
800
808
822
823
851
878
891
854
861
851
863
845
828
813
797
774
799
836
925
913
875
827
786
762
748
753
731
736
748
771
784
793
799
807
824
817
774
770
786
806
824
808
793
803
817
878
893
872
827
837
848
859
844
867
895
880
862
875
867
846
849
840
840
798
781
754
750
777
856
937
947
934
907
885
853
827
818
824
843
870
886
872
872
854
833
802
795
771
762
758
774
797
810
807
812
793
784
789
778
775
768
796
803
815
825
835
794
772
758
744
734
750
784
799
845
886
922
894
839
806
796
793
808
820
792
796
789
797
804
793
791
752
748
738
768
829
854
845
843
811
807
778
766
763
773
798
826
839
826
829
836
822
806
805
811
810
804
780
779
778
776
758
766
774
797
810
822
829
794
795
784
796
780
784
800
795
789
814
796
821
868
895
891
896
850
810
809
820
804
830
854
908
956
961
932
870
840
823
819
823
857
849
824
840
842
810
793
800
824
849
834
831
833
813
785
790
787
779
805
837
851
906
888
906
915
879
869
875
868
816
823
840
842
820
858
895
881
919
920
871
851
839
852
853
861
887
891
867
889
905
901
884
828
830
810
800
777
789
815
838
825
854
829
803
829
812
837
815
816
799
847
869
874
873
842
805
809
805
826
872
867
916
941
976
950
922
889
867
829
836
838
849
851
883
899
880
919
903
876
896
878
868
898
905
895
911
931
920
896
822
812
798
819
840
851
837
824
812
763
748
750
775
809
786
796
819
842
856
850
811
773
763
760
750
717
713
732
781
844
850
855
813
798
802
788
763
760
761
796
817
802
759
771
787
818
841
870
863
883
881
883
860
829
822
794
771
756
780
886
919
829
875
912
924
943
938
905
875
854
823
815
806
813
781
809
828
843
854
832
839
829
841
855
848
858
849
847
838
827
837
835
833
834
849
846
825
842
850
876
818
786
782
812
871
894
893
871
829
813
796
805
806
788
775
769
795
832
859
851
836
806
785
749
751
753
786
786
755
755
771
777
819
852
836
870
894
897
867
843
824
808
794
798
803
780
802
800
793
829
895
979
997
987
953
883
854
840
839
814
813
822
849
841
890
887
934
978
973
935
899
845
819
797
771
774
778
806
817
852
882
888
876
850
800
796
795
792
767
756
765
781
786
792
790
789
769
744
743
766
789
778
803
822
808
803
775
761
746
723
718
701
701
714
726
730
728
729
703
693
711
762
801
833
845
857
853
811
787
793
804
814
805
766
760
772
830
854
846
888
877
870
849
840
820
807
790
781
764
745
751
761
801
807
820
837
841
821
783
761
739
728
713
680
678
701
673
670
667
764
916
914
842
830
802
789
802
827
774
767
768
776
784
803
834
854
891
907
884
882
886
850
859
860
891
863
813
802
795
808
790
790
773
774
778
747
739
739
746
751
760
761
750
750
738
728
727
746
781
842
945
943
949
939
908
833
821
808
805
805
773
775
773
765
775
766
750
738
735
726
715
705
695
698
771
878
864
855
821
790
767
751
732
722
725
733
739
719
717
748
817
854
940
1025
1030
992
951
890
813
766
742
740
780
805
811
843
835
806
799
813
854
843
813
817
788
765
769
804
884
874
839
867
826
801
796
816
830
843
854
846
819
802
813
870
845
854
872
860
882
863
828
822
822
790
768
760
755
758
757
786
820
808
829
859
859
853
825
790
768
761
781
809
814
821
781
771
774
786
817
847
840
847
846
831
834
809
757
745
736
750
804
828
846
842
828
801
783
748
741
749
787
821
849
887
904
906
883
864
836
823
810
810
801
810
806
791
757
764
777
825
844
864
866
858
838
816
801
786
777
772
774
777
776
765
737
738
713
698
691
692
697
699
704
701
702
716
736
753
770
775
771
735
717
714
765
848
874
868
857
851
846
825
802
760
739
736
770
840
817
881
942
960
930
879
829
812
799
787
778
771
749
750
768
787
795
785
787
762
754
762
792
808
801
798
800
805
804
796
776
762
753
744
739
741
756
767
784
791
824
812
804
787
790
777
777
778
772
772
766
765
756
757
772
771
791
819
845
848
849
835
842
819
789
810
813
792
778
780
796
808
803
798
774
744
740
739
756
783
799
796
804
813
789
804
805
822
837
833
790
758
737
725
732
746
763
1488
731
709
1403
695
746
781
793
789
800
813
811
813
817
814
793
772
764
760
769
743
742
778
833
873
896
851
844
833
802
810
810
826
821
825
805
760
755
765
812
862
861
861
847
835
827
817
799
788
778
777
795
813
826
826
844
864
876
882
873
851
842
807
810
805
777
787
781
771
757
768
780
792
793
780
762
714
734
706
724
757
777
793
809
833
852
855
854
846
852
853
880
897
903
912
914
913
889
818
827
807
808
772
774
772
763
762
772
781
801
802
798
807
799
778
780
763
758
763
776
808
825
839
826
813
828
837
834
793
794
769
767
767
766
765
781
796
803
821
848
854
852
827
802
803
785
770
787
799
774
768
788
844
871
867
869
857
853
853
825
836
835
827
836
831
845
839
805
789
777
771
767
746
703
727
714
729
742
780
808
832
825
841
854
827
826
818
815
810
817
825
837
833
815
841
846
814
842
856
819
769
730
757
720
702
676
663
655
670
673
777
926
884
852
803
816
795
790
814
825
847
852
858
854
864
872
842
841
841
834
828
832
863
875
881
899
921
874
874
850
815
779
764
765
817
865
891
887
890
862
822
764
759
762
788
803
795
800
796
770
752
771
784
767
756
754
743
708
674
662
690
673
1112
260
697
719
734
734
738
734
725
1401
685
667
670
655
652
660
680
887
904
856
841
865
880
886
868
853
801
781
781
804
828
868
854
841
821
799
789
781
779
790
811
814
819
829
820
796
774
769
748
728
728
722
767
764
754
767
760
716
709
718
664
676
654
644
658
788
904
913
935
933
863
840
794
797
813
833
832
832
831
828
854
877
899
898
902
886
871
819
807
823
844
845
835
874
879
877
838
790
776
779
789
796
792
794
818
782
807
854
882
905
887
878
862
846
821
784
767
771
797
854
883
869
903
910
898
836
852
845
840
823
804
759
753
768
782
797
829
841
830
833
819
812
783
771
762
759
732
744
822
899
896
888
867
830
779
753
755
765
781
806
812
827
835
839
777
752
765
817
969
989
960
946
907
867
828
786
776
776
820
850
885
874
810
838
818
820
823
844
855
843
805
801
783
784
772
754
764
793
821
833
840
827
808
791
776
765
751
729
739
755
845
913
880
854
833
844
867
885
839
830
808
800
793
806
833
857
873
833
865
895
887
845
867
858
864
880
897
884
848
871
879
891
923
932
913
892
893
860
819
788
788
798
815
854
896
941
857
840
838
827
820
813
791
764
751
755
781
832
915
952
932
871
861
842
830
822
821
791
771
739
738
750
764
760
767
785
783
765
769
778
786
771
748
722
716
711
714
723
759
871
971
989
1019
1031
994
924
908
871
838
815
800
775
772
787
822
887
818
837
820
815
789
784
784
762
770
793
818
841
843
783
764
751
742
759
752
731
731
759
835
842
849
852
855
817
785
778
777
756
779
800
851
807
840
852
841
827
789
769
751
757
790
787
779
805
825
840
837
813
813
819
813
791
796
807
817
812
779
762
763
773
794
813
815
841
838
814
818
835
844
858
824
854
856
878
832
829
816
784
790
803
833
822
858
884
873
884
871
829
833
819
801
814
813
849
849
837
854
829
804
796
811
858
888
870
823
838
819
812
819
835
812
823
826
814
818
832
855
887
914
867
880
878
868
819
793
800
819
809
823
840
813
797
815
831
787
815
793
763
752
761
792
817
807
822
831
884
942
990
983
960
918
848
849
854
881
916
917
896
911
892
858
867
859
844
886
916
913
928
904
892
890
847
860
862
857
883
902
902
925
917
878
888
867
827
823
837
860
853
878
912
940
886
870
854
823
821
815
804
814
822
855
896
912
891
854
838
819
799
802
811
844
854
895
922
934
929
896
843
823
801
792
784
799
821
829
841
858
878
863
853
851
841
809
805
806
821
822
824
814
824
856
869
845
808
803
802
785
786
791
777
798
839
887
899
884
815
804
793
792
795
813
819
813
846
885
916
902
913
911
865
831
809
778
760
740
754
748
757
789
823
817
808
817
807
766
753
741
738
770
832
838
787
824
843
841
865
896
901
891
893
865
879
878
879
915
886
898
907
901
866
852
853
830
808
807
791
756
733
768
783
884
870
876
876
864
831
812
796
792
777
773
790
855
965
986
965
917
925
913
931
942
918
946
886
925
951
959
916
874
869
868
913
931
918
947
964
962
926
951
902
938
923
929
932
954
913
929
937
908
944
929
900
923
910
883
900
880
889
879
922
919
875
903
903
900
863
875
866
815
822
830
861
814
834
854
857
858
887
918
905
932
911
900
887
887
875
844
863
904
944
937
964
893
875
862
857
854
865
896
919
896
925
929
894
925
904
887
898
855
821
840
887
956
940
994
983
928
922
887
862
859
860
847
875
878
893
869
909
913
875
896
903
920
923
993
1000
930
943
903
909
952
954
932
888
895
890
892
883
829
820
803
808
814
808
789
770
783
779
855
901
922
912
890
879
857
852
835
819
793
818
877
976
1027
886
923
912
915
880
852
866
851
839
851
857
865
881
899
872
877
855
834
857
819
816
814
906
933
914
902
849
822
785
774
750
749
771
802
772
796
883
956
957
933
907
866
822
807
784
755
760
792
831
832
824
826
820
816
812
807
815
844
848
838
837
794
794
814
872
896
907
888
867
804
790
787
822
870
866
850
827
829
864
893
909
874
828
827
829
830
816
771
761
733
736
754
758
744
726
735
771
814
850
866
852
850
868
909
942
972
934
895
898
852
891
898
917
908
903
874
877
834
858
895
954
919
866
893
896
893
897
929
939
925
880
898
896
871
900
881
936
948
920
944
959
976
966
963
953
937
901
887
882
896
909
914
933
957
958
914
918
859
852
844
885
872
938
989
976
916
966
934
867
872
854
829
801
816
822
823
808
829
849
880
894
925
934
943
899
850
809
796
802
843
900
929
945
933
881
891
852
844
847
904
948
937
871
850
817
816
836
869
912
942
867
864
862
879
848
858
855
808
814
803
805
821
829
853
863
835
850
831
833
833
848
868
829
823
842
886
910
931
909
834
849
832
825
892
956
1072
1050
973
909
906
911
946
920
869
886
877
859
909
908
892
857
886
899
920
929
897
920
918
914
900
868
848
813
807
782
785
802
875
906
836
811
799
803
806
790
787
776
762
760
736
742
727
718
731
762
865
924
960
946
941
957
923
921
875
809
824
825
892
954
980
950
870
876
849
840
788
818
821
844
834
831
850
860
893
930
938
950
915
881
855
819
811
790
741
751
738
756
804
938
932
900
875
840
791
295
475
717
717
697
705
698
729
747
767
773
763
795
868
953
960
963
958
892
879
884
886
899
900
850
847
871
920
938
955
950
956
940
903
879
828
815
799
797
776
823
857
896
924
928
891
870
856
841
802
794
807
796
808
816
842
840
857
905
902
849
830
800
796
815
797
835
877
971
849
879
902
923
932
934
903
857
836
793
795
797
890
958
976
881
931
936
955
950
930
835
828
819
824
848
847
853
848
840
817
771
775
822
869
893
913
867
902
875
841
820
802
777
771
762
723
751
758
913
1007
1020
1023
1000
938
867
823
792
758
718
737
716
715
800
883
918
950
960
958
947
917
863
854
858
832
875
911
847
879
910
963
972
951
883
823
785
786
814
849
848
867
865
857
854
861
812
824
809
791
768
782
804
804
829
854
854
800
813
826
860
893
873
882
859
821
814
809
820
851
867
877
880
854
856
878
867
873
908
924
907
918
948
933
903
867
851
824
781
785
816
908
934
868
857
881
979
1014
1041
1022
971
914
868
795
784
775
810
859
891
887
880
873
866
855
837
851
887
888
902
938
936
937
893
852
838
843
839
813
785
810
820
828
844
877
898
895
877
854
816
804
813
843
879
936
980
985
972
933
911
878
851
811
814
793
819
850
855
883
872
894
874
879
874
871
849
886
879
863
887
864
862
853
817
817
812
842
838
902
924
918
870
819
817
821
824
785
806
830
843
876
887
885
865
854
795
781
774
766
745
724
756
807
872
904
900
959
987
983
947
915
886
865
867
876
853
837
847
880
962
965
951
899
889
842
834
833
856
872
838
857
854
829
842
840
890
891
871
873
873
850
807
795
790
815
896
935
927
910
895
854
841
815
800
794
793
813
817
834
840
845
838
810
757
769
751
772
823
850
851
854
839
821
807
781
768
769
779
832
857
863
855
837
813
813
821
844
837
856
866
850
801
809
812
821
834
847
819
804
797
819
852
842
860
878
910
888
843
812
790
782
817
852
851
813
813
799
790
760
776
804
895
916
895
842
823
839
863
903
911
896
870
834
806
773
767
753
755
759
804
854
921
940
970
934
888
896
860
829
852
908
953
978
965
936
876
863
837
815
805
815
828
848
864
850
849
800
788
777
773
791
789
781
794
810
861
893
938
958
929
956
918
877
851
854
867
874
850
853
844
823
840
827
901
944
969
1038
1016
923
921
926
907
844
829
825
846
879
899
876
826
830
821
794
815
865
952
930
941
930
908
887
867
844
807
787
793
840
828
833
877
905
855
842
834
800
808
823
830
840
832
810
781
767
779
814
839
855
885
901
895
834
845
845
883
915
909
844
880
883
896
851
854
864
904
928
943
909
897
882
847
832
850
928
947
956
966
950
894
906
882
930
926
894
841
869
882
920
926
921
902
881
867
831
847
845
834
844
874
920
916
879
855
846
833
838
835
838
833
817
778
770
787
813
886
883
899
927
903
924
921
882
821
818
804
771
726
723
771
847
923
950
970
958
946
973
940
920
884
863
851
872
876
891
879
878
829
788
826
867
983
1005
964
898
833
825
818
849
930
963
989
960
926
907
878
860
840
908
1004
992
974
995
1047
1011
942
937
955
979
977
905
919
900
904
886
914
947
960
924
889
902
896
917
907
943
958
938
904
873
831
848
907
950
925
883
905
913
910
914
856
868
860
909
902
886
916
976
998
1004
995
952
889
867
824
797
806
844
967
981
982
959
874
862
840
835
813
849
894
867
944
975
958
929
916
881
844
829
804
817
796
788
801
911
950
961
919
914
840
822
830
858
896
863
891
895
868
882
887
904
909
906
889
883
854
853
869
904
914
873
810
810
800
833
851
889
938
969
974
946
922
910
893
873
877
896
913
928
939
962
950
900
878
868
897
934
937
947
938
879
862
847
863
889
915
912
888
879
870
878
831
804
798
827
927
1011
1005
998
961
866
861
854
870
891
896
898
878
852
866
871
924
946
914
917
945
968
950
907
916
914
889
882
878
888
911
920
884
842
837
866
864
896
909
921
917
924
926
923
916
843
879
919
950
953
945
934
919
904
909
901
894
900
856
834
838
901
968
995
995
994
974
949
937
928
922
928
925
936
936
936
919
910
901
912
899
908
935
896
920
922
898
883
871
808
821
826
869
847
900
938
959
929
937
915
914
892
871
870
872
846
870
895
918
896
831
824
814
789
791
802
826
858
863
859
856
846
855
863
886
861
891
884
907
894
943
960
891
896
900
864
860
842
856
863
885
894
907
895
893
885
904
902
899
907
878
870
901
959
950
947
956
936
891
890
872
820
860
892
881
933
976
943
927
902
822
813
801
802
835
842
814
838
863
933
970
995
987
941
853
778
772
766
726
732
265
503
879
887
861
828
812
781
778
781
802
814
803
819
813
831
843
864
864
909
937
977
995
978
983
952
942
910
909
878
823
815
790
772
843
977
1000
1005
1005
945
930
902
904
886
882
895
847
867
876
936
956
950
956
938
929
888
890
875
851
815
818
817
814
798
765
756
757
800
848
932
950
921
845
833
802
781
781
795
813
837
873
896
900
935
941
990
985
957
916
936
917
913
868
890
896
904
923
882
924
940
972
903
902
885
909
939
968
976
964
941
921
897
859
896
941
982
938
968
960
887
900
892
896
881
873
882
870
899
881
990
1008
985
1002
996
912
913
895
888
898
890
910
915
947
944
987
987
931
950
936
928
895
897
899
935
885
861
862
900
889
857
815
821
827
886
935
937
927
896
852
826
807
803
803
832
854
902
900
889
871
821
788
785
778
789
843
864
874
919
941
978
999
1001
996
884
871
883
869
877
852
850
832
800
822
850
886
898
854
851
845
869
860
825
799
804
825
871
921
925
938
879
883
864
843
854
907
974
1003
1014
1029
1021
1030
937
897
896
873
860
837
862
925
892
847
872
835
856
866
869
811
793
764
811
842
858
888
899
896
882
821
810
783
812
846
918
934
1014
1055
1087
1061
994
961
930
927
935
923
957
1026
991
918
866
829
804
806
867
927
955
959
925
854
868
857
858
857
856
828
801
765
786
800
867
868
929
938
892
897
860
831
840
815
795
813
807
814
846
885
900
888
850
852
819
798
800
847
926
909
858
859
854
872
849
841
820
812
836
862
881
840
822
808
831
876
912
879
853
868
846
831
828
824
811
814
866
880
888
917
898
884
885
877
854
812
788
795
789
813
883
938
935
937
888
836
833
838
832
836
882
889
961
965
945
936
914
891
897
931
940
929
913
894
880
861
826
798
792
819
844
867
880
861
813
804
821
834
805
822
854
882
869
896
921
869
883
866
882
846
867
887
905
935
886
882
865
822
803
803
840
891
903
900
864
861
867
826
837
850
854
875
901
937
937
942
943
932
908
889
854
821
798
809
922
1033
1026
1000
1038
1025
967
885
882
843
835
847
894
859
804
771
804
810
854
917
937
918
938
923
918
902
874
868
857
842
858
882
891
902
918
932
945
915
884
854
816
800
787
789
799
805
814
854
887
909
899
860
851
803
811
843
886
914
946
950
922
916
927
932
927
920
902
913
916
899
889
897
871
861
899
908
883
874
883
864
831
848
853
838
839
848
855
839
846
860
857
858
881
880
861
866
872
858
874
866
899
940
943
934
938
919
873
872
874
873
859
906
941
972
947
973
917
860
816
803
794
827
868
911
951
939
948
954
942
910
915
890
871
891
885
868
871
849
878
872
886
825
854
848
907
923
906
872
835
796
740
764
722
727
745
850
916
986
922
1036
1097
1121
989
986
953
909
869
821
802
768
763
763
829
929
983
1014
996
967
882
826
805
820
898
948
942
982
1044
916
911
896
883
813
766
785
771
862
896
922
881
821
808
817
890
964
968
1066
1162
1132
1064
1023
987
979
940
911
898
923
923
923
990
987
973
984
979
956
954
944
929
874
906
923
946
926
939
916
869
883
845
815
816
834
870
836
863
865
883
868
825
835
828
838
831
804
828
842
852
806
813
845
892
892
912
858
833
851
886
904
900
900
858
877
877
835
869
890
908
947
961
963
965
953
935
921
897
911
915
927
916
895
823
825
806
832
898
874
897
888
945
992
1000
979
978
943
877
868
850
858
879
883
904
931
949
977
972
926
938
909
849
881
918
900
919
950
950
888
904
907
916
888
900
887
855
848
864
897
913
872
909
919
909
901
913
910
895
914
872
818
808
782
771
778
761
771
780
774
798
812
821
817
860
876
863
901
922
942
947
969
948
953
944
927
902
923
912
894
914
908
887
915
909
915
880
896
874
870
898
925
926
886
844
813
802
804
775
734
729
744
748
869
993
1011
1031
1064
1025
955
949
924
911
907
901
878
900
902
914
943
979
979
1011
1005
967
939
933
918
926
898
883
870
858
832
833
840
844
822
831
853
870
866
844
879
889
883
914
924
929
891
905
909
920
875
856
815
815
847
863
896
870
890
904
941
918
914
934
930
885
914
943
903
930
953
930
963
987
1013
977
970
941
908
857
869
901
888
912
901
894
936
927
861
876
920
899
885
889
876
856
870
889
876
890
891
823
815
838
891
924
867
896
870
835
850
871
906
1004
994
980
1020
917
931
967
928
839
843
878
946
953
959
926
866
830
818
844
907
947
971
960
938
922
914
907
877
880
908
912
880
884
859
886
898
882
898
888
900
886
877
852
826
813
833
804
886
941
970
994
950
900
867
866
918
928
947
915
894
872
841
811
800
879
930
621
351
1003
938
959
921
862
850
861
886
881
884
857
839
824
814
808
814
818
792
824
865
914
903
983
1002
1029
1032
969
907
868
852
821
827
862
888
971
1084
1084
1064
968
946
935
871
887
921
970
1020
1078
1070
1036
968
918
880
869
837
854
841
845
850
881
878
866
813
791
784
763
827
908
957
980
974
965
866
842
832
854
874
867
896
913
931
1007
1051
1032
898
879
870
851
867
857
870
827
819
848
836
848
896
904
913
849
849
850
868
867
881
887
854
805
800
804
821
873
959
978
958
915
920
929
924
912
919
907
937
903
943
961
908
825
829
813
863
921
953
947
919
873
854
831
843
844
912
1025
1069
1040
961
1025
1065
1052
984
920
868
856
813
852
876
887
933
986
1003
938
859
864
868
918
953
949
942
934
914
908
907
918
934
949
929
932
918
882
911
927
913
896
876
856
840
801
786
828
910
961
961
956
919
861
854
893
906
922
872
905
917
937
976
947
999
1050
1010
953
865
851
837
815
784
771
788
812
912
1010
946
988
964
945
904
878
839
823
818
830
853
881
902
897
915
935
947
951
952
896
887
907
911
854
868
890
883
896
916
883
901
933
979
968
952
912
891
887
881
907
933
965
1007
1002
1040
1036
1001
945
884
847
811
806
815
814
817
812
791
789
783
830
850
826
837
933
968
994
1009
988
878
829
818
826
896
973
999
1017
995
956
896
855
827
819
924
971
897
985
1063
1066
1047
1009
969
901
881
858
850
881
920
955
981
981
975
964
959
939
938
917
899
862
806
810
840
901
933
963
932
917
902
896
870
822
809
815
865
945
947
965
969
939
951
1001
1043
1026
985
942
892
840
810
836
887
898
919
931
895
867
873
936
1104
1093
1070
1022
947
933
911
902
884
849
871
835
815
832
853
947
1002
978
893
857
821
821
800
797
786
777
763
767
791
834
876
877
843
878
934
956
938
907
851
833
817
861
916
941
949
933
880
869
891
863
883
921
941
914
850
860
862
869
865
866
857
875
888
880
885
860
832
793
801
775
809
879
921
951
944
945
919
915
898
894
884
895
932
962
993
1005
1011
993
928
904
902
914
899
895
894
890
871
851
851
849
881
906
901
902
922
971
971
921
868
843
821
783
778
808
855
940
1029
962
991
1035
1008
942
921
864
859
878
858
870
890
921
957
936
932
938
875
884
860
868
865
920
948
952
941
912
868
844
811
801
825
920
918
909
953
951
937
924
911
909
886
890
876
882
852
864
894
956
989
979
916
858
856
891
907
892
912
909
891
877
856
854
854
856
912
968
1026
994
1012
998
906
908
880
814
809
782
810
859
865
892
892
891
877
861
835
817
799
834
885
960
983
1004
1000
904
892
823
778
753
746
747
728
711
726
712
735
758
771
801
807
821
816
781
780
783
803
862
938
913
888
887
946
939
964
933
943
931
900
871
842
814
787
793
826
871
928
931
914
864
871
854
850
876
881
915
856
882
903
900
889
875
855
835
825
816
823
836
868
867
882
878
847
852
831
814
811
811
861
914
919
938
899
874
835
818
796
814
797
783
852
966
969
967
961
937
896
837
828
817
814
820
794
809
800
849
913
979
1007
960
954
949
919
896
854
853
823
833
792
790
778
824
917
938
952
950
950
904
894
876
859
823
804
799
822
849
881
911
923
919
925
907
885
878
877
892
903
898
876
883
882
867
893
913
914
924
923
927
896
901
897
910
876
863
882
889
847
834
847
858
836
818
786
782
785
767
788
805
829
802
817
848
903
923
915
877
875
855
867
872
842
854
841
841
853
875
870
863
854
858
854
858
866
854
835
800
774
752
732
729
740
789
821
852
890
907
934
953
938
926
896
870
909
928
896
901
865
814
798
794
789
782
782
729
1481
757
756
782
772
772
727
734
729
729
715
722
701
698
702
697
679
682
682
665
646
640
624
610
599
594
581
578
568
570
566
560
560
557
568
577
601
624
640
650
657
676
666
668
671
693
719
731
737
734
769
787
791
764
771
687
721
745
802
806
804
816
812
794
771
763
731
667
650
663
670
627
637
634
643
627
602
606
609
594
589
583
575
571
566
560
562
571
576
589
603
694
725
797
844
731
688
675
681
340
326
659
655
390
853
605
604
589
594
586
607
617
668
655
643
666
691
691
772
672
666
657
687
722
656
652
656
681
1316
673
676
670
675
673
727
736
655
670
655
667
685
739
752
697
697
761
797
966
856
841
912
935
919
786
774
754
809
875
946
981
943
945
955
867
812
747
798
759
777
717
779
876
960
942
919
853
814
760
768
754
875
1000
894
1020
1048
1052
903
864
817
841
917
878
924
930
897
823
829
798
806
858
907
909
873
910
935
940
970
978
949
882
896
922
854
890
996
1027
988
1002
1025
885
864
929
952
889
930
885
865
837
906
1090
1070
1034
993
986
966
970
991
1023
1127
1166
1133
1078
917
914
1027
919
826
943
988
1098
1089
984
914
789
818
833
1027
878
912
1009
941
1034
1076
1015
907
862
849
901
1100
1168
1104
1056
992
938
1018
1214
1204
1171
1136
1096
1076
1057
1025
951
905
984
1022
1010
895
954
1129
1113
1037
975
931
928
959
987
1008
989
963
981
982
1021
1113
1149
1153
1096
1086
1043
1004
972
924
929
942
1012
1083
1083
1083
984
1024
1042
1032
993
889
901
921
952
906
917
917
930
859
856
866
888
972
992
985
956
954
937
930
929
950
981
1015
1064
1109
1106
1104
1063
940
922
871
853
861
871
882
854
840
807
756
783
792
942
1046
1121
1072
1044
1015
908
917
895
1029
1099
1106
1093
1032
946
910
856
857
839
929
1038
1086
1067
974
896
838
841
874
937
982
934
896
931
880
958
1011
1014
986
937
865
833
845
886
934
865
896
1001
1083
1091
1059
975
915
900
905
913
952
922
890
900
924
976
961
942
943
936
921
922
950
990
974
950
920
921
953
931
911
861
859
855
927
975
905
958
982
974
928
940
842
835
828
846
1005
1054
1004
999
987
903
850
822
885
938
976
993
1011
921
959
991
1042
1034
1042
1018
1011
958
941
937
946
929
977
1024
1048
998
899
879
886
876
860
894
944
986
914
938
2712
833
795
803
837
863
891
929
953
953
959
926
892
854
824
813
866
892
904
900
884
878
873
808
818
854
900
927
929
913
867
854
850
838
833
818
806
799
888
931
893
837
841
843
953
1006
1009
991
971
935
896
870
852
820
828
868
949
949
871
848
852
888
978
1004
953
944
917
840
847
830
848
847
830
808
815
827
898
954
947
951
924
887
854
855
843
860
869
829
826
827
834
833
838
809
800
771
776
758
776
820
840
797
767
789
787
831
852
861
834
829
816
785
739
757
753
836
893
871
830
866
884
910
907
854
835
815
849
866
875
821
843
853
837
807
768
804
820
870
886
873
826
848
855
861
811
829
846
845
833
797
805
799
788
833
824
861
864
853
857
829
870
890
854
895
879
938
918
924
885
794
786
779
831
903
921
861
896
925
931
921
904
876
886
891
900
897
880
900
909
888
909
884
856
879
891
868
854
896
957
917
937
909
888
892
895
836
837
830
831
853
870
926
917
935
897
876
886
866
845
871
904
876
828
813
792
816
850
849
849
837
816
786
782
834
887
942
991
968
884
882
876
869
864
858
851
841
814
802
800
800
792
795
867
920
933
966
974
939
914
881
873
872
894
928
936
934
906
890
869
839
805
802
800
811
849
906
951
1024
938
923
920
906
891
865
807
800
792
813
831
831
875
935
955
905
923
908
871
865
849
874
897
889
848
851
865
861
861
842
766
762
762
770
819
811
810
838
905
913
909
891
845
812
801
809
820
805
853
926
1008
972
896
874
886
885
856
852
873
882
913
875
827
813
794
792
825
903
897
889
916
944
910
910
949
939
878
831
830
847
882
890
896
880
863
845
834
823
806
787
789
786
827
903
972
977
1008
1026
1005
936
900
892
882
897
884
867
836
797
777
791
833
875
919
926
867
866
857
858
864
838
796
805
803
829
871
930
971
944
977
995
930
906
885
823
801
817
851
910
941
937
905
921
893
893
887
873
854
890
949
979
936
918
909
903
863
832
844
880
908
896
915
927
904
887
874
864
896
896
922
869
858
877
896
875
894
907
860
820
843
836
835
867
884
859
837
854
835
815
788
778
769
865
917
919
865
854
847
828
788
746
762
748
814
932
1002
909
880
905
912
932
922
897
856
817
791
783
810
883
948
997
938
908
938
998
1022
963
955
935
898
909
905
895
899
923
907
928
907
949
906
875
842
838
807
790
805
821
844
860
897
909
905
904
902
923
933
939
910
899
882
834
822
815
835
972
1045
1035
1016
1016
1003
970
958
949
922
881
915
920
972
972
932
854
831
838
859
869
866
860
808
794
803
843
894
852
823
810
806
820
882
901
900
839
758
749
757
743
813
939
917
959
973
955
908
843
805
781
767
813
782
764
753
766
777
788
804
861
882
878
858
850
810
812
800
757
746
735
742
763
736
734
708
1490
750
755
767
775
805
807
816
797
1513
710
699
672
663
651
638
626
668
510
429
423
4677