766
773
781
739
723
775
640
2855
666
652
666
2291
3212
1602
723
699
1352
652
646
650
646
658
658
657
672
684
1435
1422
663
643
665
1986
648
674
685
665
1372
695
1379
726
721
1416
701
679
683
1478
729
718
764
825
890
1551
739
769
720
1454
718
1415
1293
1354
764
1448
699
683
650
636
669
1571
1604
829
1748
866
854
1871
966
947
859
1872
875
1973
946
1003
1969
970
979
929
2021
963
1007
974
924
975
932
962
1004
970
904
960
973
911
970
1000
1903
968
931
1687
848
911
904
942
1017
1033
980
1019
1002
1796
1615
789
893
950
888
2762
2632
1840
841
870
1651
794
833
844
824
929
961
1865
865
803
1693
1521
859
1995
980
2924
940
1953
944
857
907
3945
1011
913
884
903
932
904
950
993
992
981
934
833
771
855
975
1063
1062
996
986
979
917
961
984
1003
985
921
1737
858
1677
812
875
875
857
874
948
971
959
938
873
896
852
774
756
802
839
916
1039
1019
956
892
787
785
819
879
903
918
911
947
923
1891
962
900
885
861
871
1702
878
830
846
872
901
866
869
861
1724
863
878
878
824
829
790
739
1531
795
830
805
815
840
810
1725
840
775
731
748
840
1715
865
860
845
820
844
841
810
777
788
835
848
826
811
760
760
784
755
754
735
718
706
725
745
780
856
877
821
844
887
827
844
836
818
777
769
2450
824
827
775
788
798
751
781
831
865
814
825
832
837
813
827
838
854
861
839
846
839
828
798
1601
769
856
895
871
918
887
875
909
887
873
873
826
830
797
744
771
810
878
897
974
999
945
969
957
924
866
890
879
841
888
884
1794
820
837
833
837
799
822
811
796
761
752
836
882
872
894
901
869
858
848
822
767
737
758
802
891
929
896
910
962
903
879
870
898
880
811
828
878
906
883
874
872
874
858
821
833
894
911
951
973
998
981
949
905
848
802
734
722
740
816
935
964
974
939
911
882
822
825
832
864
813
842
860
865
837
821
844
872
850
890
886
878
836
833
862
851
857
847
1694
803
779
759
780
808
784
818
844
846
814
839
860
813
829
836
806
792
815
817
757
807
809
1577
819
801
808
820
759
752
737
721
729
758
781
1548
780
793
768
787
826
811
770
771
794
833
860
881
917
974
959
940
890
858
876
1688
750
718
715
732
757
785
808
783
835
898
944
978
985
918
804
773
767
833
865
912
917
850
856
879
877
868
826
738
705
707
732
771
873
917
892
847
871
905
887
859
763
747
779
801
820
1702
878
885
847
764
762
798
844
878
891
842
820
818
810
831
848
841
838
899
898
839
854
880
845
807
829
854
840
846
888
871
896
950
955
937
880
889
848
803
794
754
763
815
868
857
881
901
864
894
876
822
758
721
761
822
862
864
824
849
875
893
903
882
1646
771
759
743
738
765
843
927
976
964
906
934
957
894
918
808
780
794
844
865
787
814
825
846
857
878
885
860
779
778
755
744
719
714
750
815
862
905
912
922
903
912
907
872
888
894
842
816
799
822
822
749
743
748
754
819
836
836
904
885
834
818
831
819
838
795
759
729
732
754
772
721
699
689
683
691
695
730
750
747
722
702
724
753
797
843
859
829
810
787
773
725
678
652
663
729
801
814
805
807
787
728
788
819
854
891
927
934
858
802
793
805
1605
776
751
740
742
718
683
691
729
722
729
776
780
822
841
793
776
769
730
681
655
666
710
736
750
801
838
850
894
894
937
880
813
765
721
735
772
820
865
887
813
813
829
856
850
856
858
875
830
842
820
826
866
848
899
927
888
896
882
864
900
917
846
797
800
855
896
895
852
796
802
803
781
742
743
758
728
707
756
824
889
922
911
907
846
737
701
696
751
892
949
961
987
968
988
959
916
929
918
916
829
786
761
782
853
789
820
923
938
963
1042
967
901
926
950
958
966
975
952
906
884
820
835
860
874
836
864
827
840
875
904
907
898
934
947
936
947
910
861
857
879
912
911
846
796
808
860
844
777
766
802
854
879
918
922
858
820
786
770
801
836
912
971
955
848
845
893
937
942
913
893
824
729
726
757
850
916
956
1002
960
969
969
926
872
786
757
738
752
789
799
832
840
807
737
695
690
717
757
799
854
871
882
881
869
870
853
836
800
770
801
797
832
877
885
878
897
921
918
900
822
807
786
731
722
763
806
877
873
889
801
831
845
911
946
937
932
892
843
758
761
794
941
1042
1009
1008
1004
890
792
757
802
843
854
863
866
846
783
709
701
727
733
792
861
985
987
991
968
989
970
948
951
940
900
845
855
936
978
988
995
948
847
804
791
833
878
900
928
924
839
787
776
813
826
834
891
922
918
920
832
829
785
811
828
858
846
854
858
1692
819
795
784
805
866
905
916
929
961
936
931
893
865
805
784
765
721
682
674
693
780
845
850
883
907
892
897
923
926
922
890
851
817
832
858
835
782
786
793
854
818
809
824
828
833
821
790
758
709
686
669
653
638
645
747
834
801
841
877
892
900
927
859
879
884
904
902
849
850
856
861
831
857
860
837
862
864
794
715
703
749
762
781
869
925
945
919
855
801
822
854
894
902
943
937
913
814
769
814
834
826
867
812
801
848
842
901
855
873
905
878
896
877
819
774
796
818
805
839
860
841
832
840
777
742
724
779
840
884
867
813
764
770
782
778
831
896
966
982
995
989
952
838
846
857
889
881
878
879
809
744
741
796
859
854
879
931
936
936
912
882
850
841
827
815
809
780
783
815
853
879
855
841
818
790
773
781
783
769
743
780
825
888
896
876
874
865
850
824
780
799
813
825
833
775
772
813
858
882
901
877
875
840
829
815
815
771
746
723
727
782
826
869
900
885
883
870
875
852
842
801
749
747
805
846
862
831
893
948
966
938
900
836
778
745
731
758
758
756
741
773
803
842
858
856
835
752
756
753
731
701
706
724
782
822
840
856
854
780
749
736
793
840
863
848
872
870
889
904
904
881
883
891
808
802
817
863
893
820
853
874
863
856
867
836
880
928
963
959
932
885
846
855
863
893
916
903
946
955
892
920
908
857
873
868
819
750
759
813
893
923
883
889
883
910
893
861
912
933
885
897
864
796
781
774
740
783
803
880
918
854
893
918
834
852
867
882
831
824
824
782
804
805
802
824
834
802
830
811
783
798
796
784
796
781
741
752
723
707
730
729
719
749
749
731
771
741
714
725
747
732
782
806
836
843
833
849
880
832
817
815
800
819
866
899
944
920
924
934
892
830
829
789
831
887
925
943
944
839
829
835
774
793
823
799
775
804
871
827
884
962
981
886
864
888
926
934
873
896
904
913
904
904
896
823
747
728
739
833
941
955
971
965
938
910
882
885
856
814
750
757
802
832
861
806
778
791
824
819
842
871
812
833
796
779
815
824
844
825
821
797
771
767
783
808
808
822
839
862
853
872
884
867
811
759
755
745
754
783
855
896
889
841
872
914
859
827
774
753
729
698
737
711
738
787
820
769
767
780
746
771
760
737
701
666
643
635
667
703
776
820
810
759
696
691
689
687
703
748
795
798
776
791
795
754
731
750
696
678
662
658
669
677
690
694
699
698
715
710
675
656
676
678
662
655
671
650
648
655
664
658
659
705
728
688
651
641
646
645
652
672
674
682
678
685
682
698
713
730
722
709
699
682
670
686
735
778
756
805
823
813
797
792
766
768
768
740
769
821
781
837
818
760
738
745
806
819
844
881
886
865
850
858
787
781
738
694
727
884
921
925
933
920
926
943
943
970
965
901
887
901
947
909
920
953
901
815
790
819
893
931
886
829
862
878
855
890
858
879
944
963
918
921
930
925
900
919
915
901
968
971
906
832
835
841
844
855
890
851
857
819
814
855
871
835
778
791
820
836
863
867
837
811
784
799
862
896
916
890
850
846
857
816
769
805
835
876
900
931
943
892
813
806
805
834
816
873
905
903
780
722
725
804
849
844
899
906
896
850
904
932
962
924
965
961
891
881
906
856
797
836
902
902
955
950
907
905
876
842
827
840
848
808
885
932
901
860
921
973
983
937
947
918
864
883
850
842
918
968
986
1000
975
880
882
889
833
763
778
822
912
974
993
949
944
873
898
930
953
971
982
961
881
868
854
853
955
985
992
975
979
955
957
933
885
889
899
858
789
775
845
954
977
959
935
874
819
823
819
765
738
769
828
870
863
833
880
895
895
906
867
793
770
796
830
816
806
835
790
784
823
813
849
898
966
968
940
883
844
819
790
834
916
953
961
968
927
908
885
833
864
911
939
972
996
901
864
867
891
919
870
840
846
826
793
747
746
785
859
917
924
873
797
760
759
809
854
867
892
885
791
782
807
843
852
854
873
903
932
944
952
911
927
938
921
927
918
920
896
877
856
829
802
818
844
813
767
726
710
729
764
831
853
937
959
969
907
887
877
821
756
754
770
786
842
820
848
869
857
835
849
819
784
777
765
781
791
769
794
799
776
760
726
697
688
739
812
777
821
862
876
830
856
851
771
780
812
835
846
859
874
864
856
820
815
751
772
774
825
903
994
947
917
939
947
909
818
808
765
758
742
690
697
767
830
896
886
846
866
944
966
856
836
850
840
813
851
857
847
850
885
909
913
891
928
889
829
803
791
890
921
914
867
779
716
749
746
845
934
910
806
822
826
896
910
863
841
813
823
817
832
799
828
875
874
799
818
862
930
927
914
869
880
850
796
858
954
956
964
952
966
892
888
854
838
834
834
788
785
847
864
814
785
829
884
924
887
896
896
870
899
917
897
864
888
896
834
848
855
817
758
722
700
721
790
840
864
854
812
833
836
809
763
749
769
811
851
883
920
850
871
857
822
809
807
811
778
751
743
806
849
863
827
836
825
779
777
786
810
797
813
862
842
826
882
860
841
843
865
810
811
831
800
758
773
798
808
845
832
813
821
869
898
878
835
843
838
794
820
822
798
825
841
850
881
903
878
823
802
816
804
771
735
723
749
810
818
807
833
781
780
825
834
783
818
800
800
765
775
786
775
810
841
890
858
866
845
867
864
813
803
805
774
765
798
852
901
919
913
881
877
832
853
871
896
872
845
882
896
936
952
952
958
932
872
888
890
940
940
914
921
909
865
778
744
733
781
872
943
979
905
928
926
900
893
820
804
814
800
773
784
804
768
771
834
891
903
919
933
878
895
867
855
797
751
747
799
836
841
809
839
890
861
813
853
853
776
771
754
761
807
876
935
904
820
764
756
781
811
838
859
816
775
783
763
722
715
717
755
826
820
837
841
790
796
836
855
819
823
787
784
833
800
784
760
742
729
708
688
694
728
718
737
771
771
772
794
789
767
770
762
727
735
744
729
731
741
743
782
810
767
753
794
792
795
787
809
780
787
828
857
851
814
762
728
752
803
790
829
880
871
855
860
838
813
830
802
806
818
851
815
800
812
847
857
907
925
892
851
833
835
806
761
750
784
813
874
926
930
898
895
862
847
825
835
813
799
851
865
871
826
846
828
845
866
804
791
811
845
815
834
825
801
787
755
779
853
912
930
867
875
853
807
824
850
836
778
850
944
1000
979
961
907
815
790
796
805
820
866
875
923
942
967
947
875
893
910
852
824
809
784
783
825
924
986
943
944
918
901
899
858
827
797
836
905
962
913
935
896
884
880
825
872
884
886
835
865
883
840
816
839
848
837
873
853
867
867
836
867
893
813
754
761
795
840
877
831
832
848
863
819
844
845
829
851
846
858
854
842
892
899
923
889
925
926
873
843
765
780
834
877
910
893
903
894
878
871
847
847
877
895
941
959
967
921
930
899
833
829
843
849
862
880
933
899
879
870
901
907
862
777
787
806
792
817
865
854
785
778
833
897
881
855
877
874
820
813
828
810
787
817
858
845
825
858
871
870
845
876
887
813
783
795
823
796
800
843
864
835
868
885
877
885
853
808
820
865
903
897
890
942
965
904
875
876
858
801
837
865
823
825
859
866
827
891
914
850
813
826
775
757
774
816
859
843
815
828
869
818
850
858
819
850
861
841
813
847
855
877
878
906
933
892
902
922
926
919
918
846
841
846
813
804
865
895
896
807
763
777
837
876
883
859
871
872
868
832
827
857
889
837
847
841
854
886
858
800
799
818
851
890
884
850
854
820
831
842
826
870
899
911
853
827
832
810
789
764
735
727
705
682
672
686
720
754
790
809
813
813
806
804
811
776
804
813
781
773
758
714
731
714
702
696
676
658
669
692
757
765
726
684
677
714
754
761
780
838
871
827
764
798
813
844
829
881
842
854
840
800
752
733
770
842
918
940
909
880
909
949
967
966
914
914
924
932
936
918
971
949
922
957
978
985
984
976
902
820
851
925
982
1030
990
991
987
925
922
915
924
863
863
922
973
916
928
938
881
864
890
871
821
825
852
846
829
818
899
953
966
881
869
865
855
767
752
756
812
817
844
896
931
879
881
888
864
825
870
922
934
979
943
850
881
940
999
962
979
976
943
945
936
896
924
949
911
932
942
914
842
824
867
918
864
790
835
896
939
914
875
921
938
925
883
871
877
914
904
961
968
941
880
814
785
832
871
846
861
880
888
835
811
815
824
809
881
925
837
791
854
890
868
885
883
859
814
830
897
926
871
885
883
871
912
939
867
827
840
858
816
819
851
863
838
878
888
892
839
887
887
886
834
890
917
880
818
859
886
825
811
791
749
757
784
825
797
792
793
826
826
803
815
851
848
784
813
849
849
874
860
782
756
784
809
809
894
914
905
866
893
933
846
838
865
849
831
876
906
859
796
816
832
782
791
810
828
839
867
853
794
813
848
861
811
848
866
910
868
868
854
830
868
909
929
949
841
807
801
843
903
937
896
918
901
816
808
790
789
771
727
706
703
700
684
692
704
726
720
710
726
729
758
779
777
792
793
794
759
745
764
774
791
776
799
804
781
794
787
778
796
799
806
844
827
755
726
721
773
838
835
841
791
776
777
780
744
756
767
795
809
783
841
867
814
737
744
736
703
683
680
736
856
906
828
774
797
811
809
775
793
806
759
772
819
862
863
873
893
898
815
803
793
814
834
926
916
900
940
908
858
857
853
840
771
760
773
813
804
844
858
875
833
845
842
838
794
821
809
806
789
776
819
927
909
828
743
729
722
703
682
691
785
950
990
964
912
919
885
821
857
899
903
867
905
910
855
853
854
888
837
871
890
854
806
821
862
905
917
863
880
878
890
881
835
884
852
807
844
910
913
913
934
899
805
750
748
794
893
904
958
979
948
936
915
835
845
864
795
797
820
781
805
807
766
787
800
794
801
822
775
731
733
766
822
836
918
934
864
886
915
824
757
779
807
793
782
817
870
849
871
818
802
804
776
774
735
716
722
790
815
783
854
891
871
915
948
899
898
867
856
888
914
888
874
828
798
755
785
821
838
849
818
851
857
818
817
784
739
729
763
775
750
783
880
902
817
805
837
848
853
860
875
844
845
844
845
820
815
827
836
882
844
890
907
918
907
908
849
843
813
797
860
914
873
846
851
786
806
892
928
862
837
787
712
689
695
709
766
804
790
755
723
710
772
827
850
846
849
826
816
800
752
733
724
762
799
800
773
740
709
682
699
739
794
827
828
851
842
803
795
830
832
781
794
761
733
736
744
736
744
789
846
842
781
780
737
762
740
742
781
794
774
793
839
817
856
832
845
799
844
837
862
851
835
831
796
835
872
873
862
827
754
751
761
736
773
806
778
838
868
885
919
886
826
802
812
760
805
799
772
724
725
806
864
856
856
842
833
816
803
768
731
754
768
788
807
799
880
907
903
896
865
804
774
760
746
770
804
836
811
831
827
833
814
829
858
863
837
792
801
791
823
845
869
901
945
878
839
836
808
767
799
822
850
843
807
786
768
758
736
746
783
848
903
918
911
900
904
909
867
866
876
876
855
792
813
820
848
855
841
800
807
809
797
833
847
854
805
751
747
765
773
750
709
693
689
692
692
699
705
703
689
689
694
732
783
828
845
794
801
818
838
869
854
858
828
792
801
767
786
803
775
772
741
710
692
708
747
800
822
798
756
742
701
692
702
735
743
794
846
872
877
828
762
733
704
684
682
688
698
718
767
759
732
741
752
762
750
775
764
771
792
763
774
795
796
752
760
766
735
728
758
790
783
779
771
744
738
755
739
726
739
789
784
798
799
792
823
831
802
804
808
775
771
790
815
813
835
863
824
829
845
825
826
844
835
785
747
759
791
792
798
844
845
836
852
842
812
827
824
790
775
807
802
800
824
867
846
867
905
881
848
873
851
850
856
796
769
782
799
773
766
739
780
844
897
832
855
907
861
840
856
821
797
807
846
895
908
964
956
914
908
904
869
892
887
850
871
890
890
867
895
923
922
904
896
807
809
802
759
771
817
868
851
878
877
844
858
809
784
800
813
786
802
812
782
774
793
803
789
851
840
796
867
873
816
796
800
849
826
841
879
868
860
895
829
797
787
762
759
735
719
733
760
745
731
750
772
744
690
667
659
647
642
652
691
757
802
755
733
776
863
904
887
832
858
869
866
892
889
888
933
933
916
939
938
927
928
871
868
909
923
955
972
962
979
957
865
856
877
871
867
896
928
884
896
898
890
843
834
813
814
858
922
854
848
823
740
706
699
748
782
795
790
789
802
771
768
864
889
791
737
794
801
797
799
807
813
794
803
805
837
778
751
813
855
897
919
847
871
867
843
818
810
819
797
781
799
811
813
787
829
813
859
860
892
903
838
814
832
884
873
842
879
877
825
836
847
801
817
839
865
837
872
847
823
832
833
791
832
842
790
799
810
827
803
817
835
831
835
846
854
819
812
812
777
812
807
810
863
923
979
961
918
916
907
854
834
822
792
768
795
869
891
813
833
906
932
879
879
855
858
822
826
789
789
827
860
876
866
892
892
872
821
841
883
910
854
830
863
888
843
884
898
908
897
854
771
764
774
794
817
765
771
787
751
780
791
792
789
825
773
827
870
871
893
797
783
806
816
822
829
812
750
752
783
819
847
799
810
818
847
862
782
787
794
788
816
846
831
852
848
792
840
855
867
809
777
774
800
780
815
854
872
822
842
833
791
771
801
825
838
796
819
817
807
778
825
842
844
845
870
844
819
839
837
813
832
864
880
828
837
836
799
776
813
864
867
833
879
917
898
853
857
850
802
799
810
782
765
837
887
836
880
854
779
746
756
750
745
765
801
759
735
774
820
820
807
844
856
858
821
847
845
871
843
823
842
854
826
866
872
857
816
861
854
772
747
752
742
744
780
806
887
945
872
859
869
892
878
854
890
887
961
980
960
978
952
904
839
872
918
931
896
902
913
925
861
883
884
872
842
779
802
836
836
803
844
854
841
884
888
854
795
807
836
819
918
894
861
820
828
879
809
796
842
906
823
846
826
778
760
780
813
797
769
796
812
830
836
834
780
741
750
776
794
789
814
804
844
902
920
914
900
923
913
871
894
915
968
885
879
908
879
847
887
893
918
850
847
823
796
836
853
902
914
854
861
801
797
802
833
806
802
798
847
847
910
950
949
892
903
903
859
823
851
945
1029
993
922
860
885
896
928
901
911
861
790
801
851
938
873
781
768
774
800
766
768
780
776
849
897
872
885
864
874
809
812
844
880
849
841
787
778
854
899
919
915
882
784
758
725
689
687
733
745
734
744
792
834
864
828
866
877
891
895
884
950
963
959
904
944
962
943
872
877
894
910
838
839
851
877
838
894
902
894
845
873
882
899
874
878
891
904
853
842
839
878
866
818
835
877
896
857
785
781
813
868
870
911
907
881
873
854
875
824
806
816
845
866
843
883
895
900
896
910
924
911
872
866
855
800
742
726
777
870
887
785
759
785
879
947
966
929
931
849
831
850
892
944
976
988
965
938
971
976
976
935
930
942
945
932
900
918
946
937
887
875
867
864
844
900
902
905
865
883
887
859
814
826
862
894
851
825
809
841
838
785
806
850
861
796
772
774
812
868
881
813
811
787
753
731
723
712
704
681
668
655
656
641
632
628
663
680
660
659
658
677
680
693
750
798
801
767
817
876
894
784
752
795
814
902
934
909
811
817
856
899
891
924
829
849
843
894
938
948
901
894
876
788
759
739
722
691
674
662
646
634
626
633
688
794
864
886
830
768
742
761
805
885
977
1033
1018
937
923
939
863
779
727
697
707
742
759
797
872
875
808
758
782
851
876
888
868
848
833
805
781
763
761
737
719
692
679
667
688
876
966
934
844
821
837
845
876
914
830
804
835
877
872
926
863
804
824
880
858
833
777
766
745
768
782
793
787
810
846
867
860
809
813
823
784
797
832
820
826
835
821
774
758
791
828
875
894
860
772
748
764
770
794
794
821
839
868
909
924
859
872
865
822
824
817
804
777
787
810
801
838
878
889
866
868
856
859
849
814
802
835
861
875
778
771
785
811
810
830
822
813
809
833
797
757
760
770
777
764
801
820
781
769
774
771
747
727
733
776
835
818
872
847
804
801
778
758
756
774
810
801
814
820
812
787
805
782
737
751
728
698
708
732
756
725
711
759
795
789
812
849
795
785
782
735
689
673
664
666
688
722
742
767
793
806
790
771
775
786
779
797
825
830
769
796
798
761
793
787
748
769
803
764
739
781
755
761
809
813
791
813
813
783
769
774
760
781
818
819
845
882
850
825
834
771
769
813
837
808
827
866
901
867
894
896
850
860
830
806
826
867
874
934
968
958
969
921
854
841
839
762
770
832
865
880
928
893
938
958
895
896
912
844
871
878
848
880
891
852
903
913
863
891
912
910
914
887
933
946
880
878
943
958
929
960
980
927
920
924
852
865
888
835
786
838
888
911
881
961
982
924
863
890
908
924
854
884
897
855
885
899
854
856
877
896
848
884
901
916
885
897
887
821
821
852
896
878
907
942
892
908
919
876
859
857
790
836
891
855
871
904
920
853
841
828
800
833
897
964
896
889
899
864
870
873
811
799
829
871
850
879
890
852
859
838
830
791
810
819
790
817
839
840
800
799
813
799
814
867
937
941
973
992
950
896
890
871
799
804
796
810
807
871
846
816
870
923
917
949
901
847
869
920
869
844
866
879
850
848
871
825
853
843
795
795
823
818
862
906
874
903
921
868
889
854
810
813
825
804
844
854
862
922
977
952
951
929
892
823
813
804
754
765
821
873
849
883
839
782
791
841
897
930
888
885
890
885
886
906
896
838
871
889
839
848
885
867
864
855
800
795
775
748
733
745
750
724
725
743
771
765
778
818
843
799
807
823
784
751
759
802
842
833
813
776
787
728
697
708
709
741
813
828
784
798
832
803
817
802
771
786
832
896
886
922
922
886
844
851
841
803
828
864
840
869
883
865
890
887
826
819
834
834
808
824
835
845
855
897
915
850
853
833
769
776
830
869
937
959
940
887
924
903
822
833
862
841
767
721
712
756
805
860
839
839
814
839
849
859
837
860
876
862
858
848
858
827
799
823
834
839
798
808
837
841
816
846
816
778
793
814
792
807
833
882
890
840
773
777
802
791
794
790
762
771
769
770
724
728
747
793
812
757
771
807
817
761
744
743
781
823
833
770
746
748
832
882
889
817
768
752
792
840
849
813
796
788
776
752
720
740
775
849
917
922
855
875
872
842
851
843
821
865
894
898
919
852
825
814
820
817
835
823
826
837
813
771
786
818
845
847
852
796
780
820
798
740
729
712
707
696
706
738
737
711
710
731
751
726
736
734
724
727
735
723
761
789
828
854
899
894
900
898
873
852
842
847
849
857
781
732
722
728
772
851
875
860
851
761
748
776
818
879
910
872
944
907
860
815
784
801
793
732
711
695
672
682
774
849
868
825
813
823
865
875
883
878
892
921
919
866
806
781
828
860
811
796
830
882
890
830
847
842
884
921
960
979
985
943
938
932
895
890
902
950
949
950
940
905
834
830
854
890
927
893
875
896
896
871
839
842
828
824
834
758
752
775
842
914
977
1000
959
889
846
809
758
739
730
767
871
949
986
985
968
927
811
771
767
816
881
938
947
965
960
919
925
905
908
903
947
892
807
785
795
856
909
929
923
883
853
821
844
869
883
870
861
788
804
833
835
802
788
792
791
861
877
893
879
828
783
772
790
847
907
915
922
892
821
793
780
795
820
870
876
861
762
714
699
707
763
816
870
817
774
757
753
810
871
922
912
877
782
781
766
775
809
802
812
850
909
913
851
772
770
789
807
798
1279
1065
755
719
697
698
733
797
879
916
926
887
859
823
793
758
740
768
816
867
864
853
899
933
904
830
844
838
858
854
815
745
725
733
801
872
903
885
851
845
819
838
848
785
768
779
775
821
903
926
863
831
795
813
809
848
832
820
763
721
724
747
784
866
858
835
823
796
766
717
725
739
837
899
920
880
819
842
851
862
850
834
834
839
840
824
808
783
757
715
713
746
779
824
839
832
790
787
779
743
743
754
833
882
924
969
992
967
906
890
837
780
732
704
675
674
729
863
897
947
979
965
929
901
813
739
713
707
724
791
865
898
879
875
784
745
740
753
770
821
848
847
773
734
692
692
771
839
792
832
868
906
921
890
882
849
816
757
724
727
749
884
934
977
939
854
827
809
768
744
741
746
780
763
732
697
680
672
661
657
667
692
744
806
813
834
855
847
907
960
921
962
952
938
979
967
869
874
872
853
816
807
790
818
879
843
891
854
854
817
764
729
705
701
733
767
844
928
922
870
877
845
838
888
918
901
886
933
988
1006
986
958
877
804
772
763
791
784
752
767
779
811
783
769
774
783
813
779
751
739
735
744
768
812
802
791
771
760
744
716
706
728
764
785
797
807
767
722
686
665
673
680
688
723
762
796
794
772
773
761
781
792
746
759
805
836
826
896
909
927
877
909
889
833
828
822
859
864
822
867
838
825
846
839
830
854
854
807
803
772
750
741
810
794
795
784
801
866
875
861
834
808
769
755
766
762
788
778
857
849
910
962
912
926
931
822
766
757
792
860
872
876
853
824
835
848
855
845
786
788
811
823
862
829
772
778
832
911
968
971
980
955
927
903
845
829
818
762
766
803
870
935
953
981
911
848
839
844
857
826
786
794
801
833
823
835
850
822
841
851
829
826
817
770
734
731
758
803
840
856
842
819
820
828
787
787
774
750
755
790
775
746
719
728
753
756
749
733
709
703
725
765
859
910
935
948
913
872
776
728
758
776
834
892
877
860
830
845
846
825
848
832
820
819
795
806
847
783
732
713
727
749
809
827
785
823
813
772
770
725
705
709
718
716
706
719
763
810
825
825
792
732
701
696
685
692
701
726
771
803
801
830
834
793
811
814
866
846
813
828
792
764
794
838
840
844
816
803
831
851
849
806
808
783
857
897
854
852
846
800
801
840
876
855
873
835
844
806
731
717
766
858
904
910
906
800
730
730
780
854
895
867
789
730
706
701
732
781
817
864
865
903
913
900
880
840
735
707
706
776
872
916
905
897
891
844
818
825
826
863
922
941
857
791
775
791
838
889
902
889
853
869
911
938
933
956
967
931
900
915
870
803
729
730
777
844
938
951
889
900
883
850
852
849
807
759
782
841
865
834
851
911
946
854
785
750
770
830
854
830
794
791
793
771
829
886
903
896
863
808
786
749
776
829
891
932
878
902
918
929
894
794
758
732
796
844
853
841
810
746
717
721
761
793
825
889
941
972
938
902
837
741
725
740
800
853
824
740
722
792
810
871
889
795
741
729
768
815
843
850
854
845
824
821
777
763
821
922
954
986
977
939
860
799
777
813
857
904
937
907
854
862
829
829
817
828
874
854
906
882
869
856
846
865
830
761
737
731
764
840
868
807
761
745
769
815
854
859
834
829
752
714
720
767
850
904
960
1016
988
961
952
920
889
851
799
735
743
809
896
935
962
950
949
919
879
856
808
774
785
808
843
892
926
846
810
851
848
824
832
784
784
793
814
841
852
852
839
788
758
764
803
785
797
820
787
746
716
687
671
680
708
763
775
785
769
788
772
792
777
743
726
714
719
749
783
804
787
769
758
794
810
822
812
790
763
751
745
744
744
795
807
824
865
886
928
895
894
848
819
800
765
770
746
779
788
857
854
918
882
868
811
813
786
797
785
781
784
771
754
759
813
848
855
846
800
726
716
695
702
719
757
761
770
775
785
783
793
810
814
815
772
762
771
822
782
808
803
842
776
763
791
840
864
864
876
809
759
733
752
803
831
852
834
875
901
880
870
866
815
792
805
794
797
833
835
808
751
730
739
783
862
898
887
794
785
755
757
751
784
789
792
796
816
756
746
766
790
831
781
733
735
737
741
768
783
741
717
694
687
699
735
802
852
812
807
770
726
739
709
713
729
735
762
777
791
844
867
845
832
829
781
773
793
828
842
794
798
848
942
935
938
907
873
818
774
768
802
838
880
894
911
904
859
764
739
728
747
794
876
882
905
828
865
844
841
795
750
754
760
794
806
814
820
824
771
752
753
744
775
818
819
846
801
783
791
798
816
804
767
712
686
677
677
687
728
778
837
873
873
884
854
794
770
761
771
812
863
868
883
893
870
850
760
725
703
691
714
809
885
929
931
894
880
838
817
763
750
720
684
688
752
833
865
834
759
729
728
756
837
883
879
857
802
764
795
790
811
762
743
751
787
868
930
926
909
821
759
736
752
792
879
860
843
780
784
800
837
854
860
871
877
844
817
823
860
880
909
902
851
768
724
716
740
822
859
846
816
814
819
793
781
798
801
812
811
814
773
745
743
782
818
854
849
804
763
735
741
758
793
853
865
891
864
826
826
803
788
781
772
735
724
754
834
891
905
885
840
799
791
749
738
752
771
803
812
845
852
828
771
766
740
749
753
712
727
723
726
706
708
689
688
671
665
658
646
628
629
641
694
729
808
782
830
868
881
931
944
945
958
891
815
781
756
802
850
870
890
879
785
723
710
731
718
748
802
886
940
920
931
913
908
888
874
837
874
896
905
892
925
887
865
880
870
847
899
888
839
816
837
869
813
775
772
780
836
853
862
854
831
813
765
791
816
867
918
916
935
907
924
834
807
826
849
871
873
799
756
727
717
722
750
754
787
864
901
867
853
916
959
962
981
946
925
905
818
762
735
763
786
816
842
854
885
822
822
823
828
796
781
803
858
909
914
902
896
872
859
812
747
725
748
795
862
934
963
976
979
965
922
856
745
726
714
746
803
844
873
877
894
886
852
828
773
750
723
773
853
926
954
946
928
910
844
756
736
730
812
877
854
858
907
942
938
898
883
856
849
818
791
854
906
921
949
891
872
816
780
786
802
835
879
888
903
893
864
852
837
816
811
765
773
789
813
869
931
923
946
938
914
896
859
829
792
777
724
712
732
784
822
859
867
850
851
807
816
760
746
781
826
882
945
958
938
921
846
773
742
737
791
859
904
938
939
919
888
846
761
730
727
790
882
913
941
943
944
921
838
848
847
805
803
819
807
807
797
794
785
771
729
720
752
792
862
899
904
839
818
807
802
786
762
729
733
741
753
772
809
819
816
793
790
771
754
741
719
688
684
692
726
758
742
774
848
919
933
920
823
806
806
823
839
845
827
797
766
737
727
700
673
659
664
704
807
890
958
959
998
1003
877
820
765
728
706
683
692
853
905
938
935
883
897
856
840
831
778
773
790
837
855
884
906
868
854
833
820
783
771
783
808
803
821
842
889
863
813
803
832
868
846
796
787
781
764
760
749
744
740
719
714
732
772
822
827
796
765
756
785
803
833
851
865
862
851
821
843
857
859
839
821
811
798
772
776
767
733
719
758
823
895
923
957
952
934
889
870
792
783
783
809
845
881
831
771
741
747
789
839
869
869
878
861
857
830
785
734
724
735
777
845
909
946
913
851
811
782
786
787
749
756
787
819
878
872
808
785
775
804
830
859
855
781
741
747
759
800
814
828
833
824
782
739
716
712
742
769
828
783
800
808
837
838
836
822
815
828
834
852
859
851
842
835
760
719
704
720
773
835
881
886
890
830
817
795
769
749
788
839
850
852
857
822
806
798
795
800
800
823
812
822
814
772
758
710
697
694
732
823
894
906
907
913
913
923
898
836
844
836
838
815
794
739
697
682
658
670
727
742
720
683
665
672
685
682
719
761
819
851
846
857
870
853
819
738
721
735
814
965
996
1013
978
943
941
861
879
866
902
893
830
835
859
831
838
878
838
800
785
791
781
769
771
778
765
753
743
738
764
792
821
859
821
784
789
831
875
845
796
824
812
787
777
771
793
805
753
736
755
815
858
822
844
835
811
738
718
718
738
755
780
841
944
971
964
934
833
813
801
759
763
763
770
777
791
796
796
808
753
788
818
896
988
989
972
932
919
851
864
890
894
895
822
816
758
744
802
826
786
749
720
694
676
675
670
690
670
664
668
682
747
775
821
842
861
872
821
830
786
774
804
826
883
926
894
859
839
821
763
743
753
811
947
911
956
924
867
874
879
856
786
721
712
755
751
729
757
800
851
909
963
972
949
925
861
807
739
699
675
654
644
640
638
633
665
832
913
937
946
934
927
906
875
795
762
779
829
847
880
947
960
937
942
928
913
871
811
833
845
792
793
821
823
845
882
851
837
810
800
770
759
709
688
720
734
733
766
861
900
971
962
911
825
805
756
743
726
721
737
763
776
793
794
808
807
831
822
814
780
790
791
783
783
828
855
870
856
823
755
731
740
800
838
837
813
808
771
776
816
866
858
853
834
824
804
816
788
763
790
834
896
938
942
889
898
906
884
853
799
780
773
793
808
815
809
804
768
779
801
826
831
822
846
787
771
761
768
836
857
845
796
735
706
736
749
776
832
911
946
909
846
839
876
906
924
901
869
792
738
738
786
920
911
935
895
813
778
781
823
882
896
885
805
813
798
808
837
902
926
915
853
864
901
913
912
906
884
866
834
846
873
882
878
829
830
823
843
823
776
771
799
862
874
826
817
785
757
737
706
719
765
845
890
843
787
743
765
824
900
893
869
865
832
759
743
726
757
794
854
891
832
789
799
867
862
881
862
802
784
777
797
813
821
809
800
825
864
896
927
910
863
813
761
725
717
758
855
886
850
867
867
803
789
814
801
840
871
845
884
896
820
819
808
825
793
814
832
844
840
875
912
849
832
825
789
827
845
823
858
889
917
861
883
903
914
882
813
820
841
813
872
904
861
859
828
855
893
856
902
961
957
926
910
889
807
760
760
805
863
926
876
890
921
890
883
889
849
828
852
815
778
768
822
887
916
884
882
899
885
870
856
836
770
729
743
822
919
1022
1061
1063
1024
1002
990
994
968
912
912
875
857
830
845
870
897
888
853
879
896
847
780
773
803
817
822
835
791
829
833
819
851
859
813
864
894
909
839
856
881
865
873
796
812
820
792
836
855
864
804
784
837
870
844
877
822
801
828
868
892
891
816
811
843
860
860
886
889
882
825
837
854
832
849
865
881
858
848
856
863
830
848
882
914
883
891
857
806
807
792
766
791
780
785
839
860
914
906
845
876
867
855
804
798
766
803
832
832
816
847
878
839
847
841
811
781
807
851
836
851
810
774
759
771
834
852
837
857
868
826
826
842
841
854
866
874
902
923
837
864
876
843
774
782
805
788
813
810
790
831
856
841
875
932
953
973
884
854
798
747
746
782
840
879
933
981
947
906
903
865
848
856
861
892
883
886
911
885
892
910
905
889
913
904
846
832
844
850
789
778
837
850
845
812
815
806
762
769
793
768
777
795
788
834
886
853
906
895
872
874
826
866
855
839
852
907
926
833
836
791
769
781
779
774
808
820
791
741
724
789
842
924
966
983
972
919
882
872
893
897
916
949
957
873
868
870
903
911
905
895
866
848
817
810
811
837
867
889
907
879
859
832
796
773
763
804
798
761
769
781
799
812
756
745
749
772
793
746
755
774
800
784
793
785
765
740
724
707
714
721
709
710
690
712
770
787
786
788
734
713
703
710
728
751
790
807
843
860
871
853
786
788
785
804
833
839
860
796
750
741
796
855
919
935
862
872
836
823
823
833
834
833
780
772
773
800
829
896
821
786
771
779
819
822
826
834
749
746
767
813
771
796
865
899
898
887
786
740
727
743
794
897
979
1014
991
871
888
886
890
877
861
854
767
729
727
743
808
892
922
938
945
896
790
753
738
749
778
819
834
820
829
825
830
827
824
836
843
847
808
830
862
881
914
881
779
753
741
783
845
882
920
941
908
874
890
882
894
891
897
820
782
786
814
872
911
861
879
862
841
773
786
795
826
867
829
836
846
771
782
785
849
860
831
827
845
856
808
834
827
837
813
810
831
840
866
874
877
821
828
862
893
913
914
897
807
821
816
859
834
782
796
812
817
820
791
736
708
693
692
695
698
685
670
660
644
632
626
639
675
689
749
768
805
842
813
789
813
865
883
850
869
882
880
835