1247
653
2637
650
1266
1207
584
577
579
1141
1137
564
563
1126
555
1115
553
1110
1102
549
553
1114
557
1163
601
633
3166
1071
343
496
579
428
2927
3102
5981
397
833
5197
1751
1770
593
2400
604
596
604
605
605
1198
597
600
575
587
572
573
1162
579
594
594
596
586
591
585
571
570
571
572
631
912
481
1043
293
377
291
3588
1251
1226
618
622
637
1335
691
692
683
4144
691
685
1339
1956
637
1281
660
676
692
1417
600
786
661
1959
1923
651
648
654
1292
637
646
648
1293
636
1301
1884
634
4319
607
613
611
613
631
660
678
686
690
675
633
2636
641
643
642
645
639
640
628
1270
629
646
665
670
661
669
1327
661
661
639
638
633
627
629
634
638
665
667
663
652
653
654
665
667
1306
647
641
644
633
621
627
618
1247
1248
634
658
654
655
645
633
634
616
612
602
591
585
1174
592
596
613
1281
686
1104
1143
314
6098
647
642
651
649
1332
660
653
650
646
641
1271
644
1378
572
3249
650
649
645
639
631
626
614
612
618
625
671
2678
2665
1298
1950
1260
1845
603
1208
617
635
654
661
669
662
1320
646
634
1281
1315
679
2063
1432
706
689
1316
646
648
629
638
643
1945
644
642
638
643
1929
645
1289
639
637
641
1291
1345
682
1310
634
629
1853
627
631
638
635
636
642
640
1272
631
1871
651
659
1349
2082
650
648
643
638
1280
645
1910
641
645
652
636
644
641
645
1310
1288
631
642
632
1290
647
640
624
620
621
622
622
1222
609
611
615
614
1244
1285
678
671
666
1298
647
638
643
639
635
626
624
613
617
617
617
636
650
1308
639
1276
634
633
621
615
607
924
2088
256
354
1233
604
2451
1889
1302
681
687
690
3208
618
1229
617
628
644
650
639
638
623
1862
616
1238
1894
1328
689
1375
690
659
1918
611
604
600
2411
2420
615
612
1230
614
622
298
2206
1333
692
2009
663
667
2008
1318
2575
1275
653
658
654
647
1303
646
650
638
627
631
633
2532
646
646
658
657
1304
617
1255
617
619
623
619
623
641
1289
644
649
640
1887
1250
625
1245
626
627
633
1242
1835
1219
1238
637
1286
1939
1252
1229
608
3070
621
621
637
652
659
656
1285
1265
616
618
611
1214
606
604
614
624
1303
668
674
679
686
667
646
643
628
624
622
2450
623
1265
635
641
626
1220
608
1231
622
629
635
638
632
628
637
638
644
652
664
672
682
1331
1309
641
643
632
638
1276
652
645
1271
637
635
632
630
628
638
643
642
631
1275
645
645
631
1996
5441
2669
1326
944
1585
2016
478
1620
1481
409
615
1380
296
795
600
602
598
560
538
2420
607
1212
675
630
623
618
594
591
591
585
587
588
586
587
582
593
613
624
623
614
623
1227
2996
587
587
586
1839
942
587
1513
2965
2398
637
671
715
748
738
708
703
679
660
648
501
4408
600
1756
576
1130
1143
569
574
570
1131
561
565
1739
584
571
572
578
1172
1793
588
580
580
575
572
574
566
576
4159
643
643
647
4409
588
584
580
575
578
590
598
613
627
2489
613
605
1225
1240
1227
609
615
1244
2464
593
587
581
585
589
604
623
648
668
662
673
1308
628
612
1211
1775
587
589
1168
2308
576
1148
606
1985
683
689
702
694
742
583
1893
4791
578
573
1179
602
629
665
4153
672
648
1285
1235
5348
576
571
581
600
2206
757
733
1421
1301
2570
618
615
1210
594
588
578
581
585
1973
5084
576
574
571
577
599
636
794
863
858
850
1612
2170
681
663
1283
648
1275
618
614
1834
1799
592
1199
610
615
635
644
649
655
663
1312
651
636
629
624
617
614
608
617
616
620
622
622
619
625
618
1246
609
603
1190
589
586
582
579
582
591
609
620
640
668
656
653
646
635
628
616
596
597
584
579
583
585
588
604
607
607
604
1203
598
588
595
597
605
1900
688
2087
654
632
625
2457
1180
585
603
594
613
1791
616
648
711
769
790
772
747
707
676
649
640
1245
1230
1852
628
2577
646
646
638
638
630
635
621
614
4204
583
586
584
590
598
600
602
602
606
613
625
636
643
655
649
655
647
646
649
634
1249
1211
603
2979
1780
594
1196
1914
640
629
2584
630
622
1826
1189
1178
603
1878
665
697
1382
2656
626
1223
595
600
1212
613
1254
1346
711
1408
3489
658
651
1939
639
655
662
1346
1344
653
657
640
643
634
621
620
1266
653
662
656
661
667
659
1319
1271
630
623
635
643
2024
716
1431
686
680
663
1326
664
666
654
673
690
699
701
691
2764
670
637
638
618
618
618
611
620
612
617
617
627
624
628
635
637
663
676
679
684
1380
681
661
662
649
1263
626
622
616
627
633
645
665
674
680
675
1357
675
669
664
1304
629
619
617
629
642
655
676
698
686
700
711
1376
670
653
647
1262
611
612
609
620
662
730
765
798
877
895
873
832
782
761
1447
707
697
685
678
674
348
531
474
1998
679
672
667
659
648
1313
659
659
665
674
686
1374
1352
653
1313
651
657
672
1363
2019
673
1344
655
1282
638
1231
616
621
626
1263
643
658
687
702
696
1383
2087
682
673
675
676
681
679
670
1368
720
746
1470
703
681
686
1369
684
663
657
656
661
672
680
677
687
685
682
673
646
1267
620
615
619
618
622
609
608
608
607
1215
606
603
604
610
637
674
2083
2557
624
628
618
619
613
622
1267
643
635
635
1859
611
604
1238
643
674
702
704
688
671
671
662
658
661
655
1335
683
695
683
688
669
688
689
683
691
692
695
700
680
673
657
666
679
664
673
661
665
682
675
681
672
685
688
1354
659
655
652
657
660
646
646
645
653
665
664
671
661
673
688
687
676
670
1340
686
671
660
668
655
1299
1310
650
633
637
627
626
628
625
616
1823
1226
627
2530
615
1204
1792
616
637
636
611
609
630
650
1313
631
1239
3078
1208
604
597
613
617
1435
1698
773
726
701
694
688
1352
656
1884
609
1215
608
622
1902
626
1249
1871
618
621
1269
3841
3150
1230
609
614
621
1261
4657
636
1263
1903
634
640
643
639
649
645
643
3124
604
1879
652
2168
1550
749
712
688
692
685
680
669
656
629
629
618
616
2439
598
589
599
3174
639
630
1285
1294
620
617
615
611
621
631
639
644
651
1324
676
663
1302
635
629
634
638
1279
633
635
1285
646
1278
634
629
633
1925
661
675
684
677
669
663
657
657
656
651
1280
640
638
636
640
658
658
652
654
651
671
655
661
664
655
645
636
632
504
764
629
642
652
666
664
673
663
650
638
635
634
635
641
646
647
656
666
682
704
697
697
671
646
633
644
652
649
657
654
656
655
670
649
660
642
640
657
662
665
684
709
720
699
706
687
696
700
707
732
729
728
712
694
684
668
666
674
673
678
687
690
685
688
680
687
687
670
662
639
631
647
666
667
668
664
662
664
646
649
644
641
638
637
649
661
663
659
639
632
626
614
616
612
618
610
615
614
596
603
596
584
584
606
657
2313
730
687
679
654
637
621
621
621
626
629
634
624
631
635
618
630
625
638
657
669
677
654
645
627
627
613
611
616
605
615
608
618
621
611
619
610
623
640
654
657
654
648
634
627
624
621
631
625
631
625
618
617
613
614
617
638
641
645
625
634
626
638
637
646
633
622
628
623
615
613
607
608
612
618
626
624
620
607
604
601
598
1214
607
604
608
606
590
588
585
593
605
613
622
628
625
621
618
605
594
591
589
593
599
603
608
603
592
595
588
594
616
649
698
767
764
1415
664
630
632
624
623
625
620
626
631
645
646
642
641
641
634
633
613
615
607
601
587
578
578
573
570
576
575
587
598
616
641
651
659
656
652
658
662
650
649
633
605
604
598
594
590
593
599
601
604
608
619
617
631
639
659
657
644
622
618
610
598
593
590
592
596
603
604
617
618
627
629
624
622
619
619
620
616
604
607
606
608
613
606
596
596
590
594
594
601
600
593
602
607
615
601
615
646
668
690
672
680
668
656
626
609
604
596
593
588
590
600
600
590
596
586
590
589
597
592
596
586
587
593
593
608
604
620
607
620
604
614
613
608
609
601
604
600
606
608
623
626
640
642
646
641
657
654
658
625
627
615
609
609
611
608
626
625
638
647
654
655
658
663
664
661
673
654
646
650
640
616
619
614
615
617
618
631
641
666
682
688
719
705
691
694
683
657
636
628
627
624
615
627
632
652
671
691
677
683
672
669
653
645
632
644
644
639
635
626
605
601
599
607
619
636
628
622
615
615
624
634
653
661
674
650
665
1297
637
642
640
629
628
616
628
635
633
613
604
603
609
612
623
625
639
648
642
665
668
658
659
638
1244
601
599
597
599
611
632
660
710
746
764
766
722
708
676
661
644
640
640
643
641
640
637
629
611
614
610
596
604
617
629
670
771
869
857
841
849
825
795
758
730
688
664
639
646
644
653
652
656
664
670
665
672
672
673
659
661
663
662
654
650
633
641
641
639
642
624
627
619
611
610
612
611
617
624
629
634
629
629
623
619
612
605
612
619
634
623
626
626
625
633
634
645
677
701
709
700
675
658
652
648
635
634
625
626
624
642
660
673
683
664
663
649
637
638
630
634
646
655
656
659
664
668
678
676
678
679
670
664
655
657
650
651
656
659
658
654
649
648
647
639
645
641
636
637
628
620
615
627
641
646
665
676
662
661
659
655
653
649
643
632
645
634
640
644
659
660
682
680
669
671
672
687
684
671
670
659
662
651
654
639
649
660
659
669
662
672
671
685
688
677
660
644
641
629
633
635
640
638
632
615
614
608
609
627
639
650
1343
675
1313
639
633
636
642
647
646
638
631
633
638
638
1265
627
614
621
623
631
631
1899
615
613
607
616
628
639
642
641
637
632
627
624
617
605
613
606
606
621
617
615
605
602
628
651
656
660
656
1335
676
654
1292
616
618
604
602
603
612
617
623
628
616
622
608
618
624
648
1315
661
652
657
654
646
635
623
626
627
641
655
661
656
637
638
627
635
647
653
639
636
642
644
658
659
655
654
637
633
625
621
633
649
666
670
662
655
636
634
630
623
618
614
613
620
633
646
673
707
713
704
675
662
651
647
640
646
634
642
642
649
658
656
653
649
647
647
642
643
651
666
656
652
643
639
640
637
641
641
640
646
646
652
662
666
673
678
685
688
680
680
669
646
641
627
617
614
612
610
625
653
677
685
675
656
643
629
602
610
604
600
600
604
608
611
628
649
639
652
647
659
675
670
657
646
647
645
641
638
637
630
616
610
612
622
637
1949
651
655
661
668
667
652
640
623
622
621
627
649
669
677
700
707
718
714
706
688
676
661
650
638
634
628
625
619
615
612
604
604
594
596
592
596
602
594
597
597
594
603
598
598
594
594
593
587
584
581
576
568
563
563
567
565
573
577
581
570
574
578
575
574
587
587
591
593
593
578
575
577
564
570
571
584
610
658
701
732
741
758
729
688
659
647
642
626
623
620
611
614
608
612
619
629
615
615
606
608
604
613
613
618
616
631
646
643
628
628
622
630
632
621
618
617
622
627
637
637
635
619
612
609
606
611
619
626
628
629
653
677
682
701
687
648
635
634
616
622
617
623
623
621
627
629
634
636
643
639
649
657
638
632
617
616
620
619
611
616
621
627
642
651
653
700
688
645
635
635
666
684
691
665
645
637
628
619
622
619
639
639
655
672
686
677
673
678
672
671
669
682
687
679
671
659
645
645
647
643
645
653
669
656
654
653
651
643
626
618
627
630
645
634
646
644
654
660
673
670
703
720
731
710
687
668
648
641
637
636
629
634
649
677
707
699
687
675
689
676
685
670
681
686
680
666
645
635
633
631
617
618
624
638
662
675
679
670
662
1291
607
617
612
615
626
642
656
644
632
628
637
646
658
652
642
634
621
613
603
596
596
595
602
613
625
661
727
792
794
774
741
1357
628
625
623
625
631
631
643
644
627
619
608
614
620
620
618
617
613
616
622
630
633
637
659
667
640
636
621
624
622
620
603
605
599
599
598
598
605
622
650
1341
1905
613
2938
568
568
567
570
591
638
721
774
789
772
747
718
696
674
653
640
636
627
621
620
622
616
628
631
642
2517
602
1195
598
605
622
634
650
669
670
675
652
653
645
1342
665
649
643
633
623
618
608
600
598
1180
2348
598
597
620
652
659
653
676
1383
673
650
657
655
657
631
627
625
628
641
656
694
705
716
689
709
709
2033
635
617
615
617
623
618
3657
592
585
589
591
604
625
648
1337
2582
614
604
607
605
608
606
619
622
642
643
635
632
1268
623
624
630
626
622
627
1298
644
633
646
643
645
1276
621
625
627
626
638
637
661
682
690
673
660
653
656
661
662
1311
636
630
639
644
1300
664
694
703
699
704
693
667
659
646
642
642
646
655
663
675
686
686
700
679
660
662
656
646
638
635
1257
615
610
604
613
611
627
640
683
735
775
748
708
678
677
668
664
642
632
634
623
623
626
626
626
613
610
612
602
594
594
602
607
614
613
620
598
601
594
597
599
613
635
672
703
705
2027
642
617
622
615
606
601
601
601
612
612
631
1888
628
3046
1188
1804
611
626
623
1329
707
746
761
734
706
1355
649
635
1229
619
611
606
606
1209
600
604
595
599
596
601
601
608
617
630
637
661
668
667
655
635
624
612
609
605
602
2949
569
569
572
591
1335
803
809
767
713
681
657
636
645
640
649
649
646
629
627
619
615
619
626
641
665
698
716
727
736
731
734
734
726
706
694
680
678
668
663
655
646
1910
626
624
617
621
625
631
636
624
611
611
606
614
620
620
621
628
628
628
632
641
652
663
1356
687
684
684
669
665
646
658
635
637
644
644
685
746
776
773
742
732
704
700
693
701
697
693
692
708
703
731
739
747
739
710
701
688
685
667
692
705
723
714
700
671
665
1306
647
647
658
675
702
729
732
718
752
758
772
788
773
730
719
694
690
685
678
660
662
654
657
661
640
628
638
654
676
696
697
720
747
741
735
715
699
678
665
654
670
696
727
757
775
748
739
733
698
663
647
645
636
638
631
648
685
721
715
716
693
698
679
687
670
679
686
705
716
713
727
711
726
701
696
685
666
653
652
657
664
657
661
646
644
639
646
657
680
712
729
710
725
727
775
768
736
722
688
674
674
668
672
680
688
693
697
706
715
707
702
720
697
720
719
1405
702
1381
692
692
698
705
708
718
723
719
723
727
721
712
696
684
662
1311
653
661
674
679
679
686
1371
680
682
682
670
673
1336
678
676
669
662
651
651
644
635
640
633
643
649
655
666
654
670
664
652
654
642
640
631
634
632
635
640
647
1318
659
671
667
657
674
674
663
654
648
1263
611
606
602
605
614
630
628
645
646
677
689
688
664
669
672
674
672
657
646
638
614
608
600
603
613
633
641
645
646
661
669
648
643
647
646
644
626
620
619
620
618
613
613
608
618
636
663
669
667
652
658
660
664
662
646
636
630
627
623
618
618
635
649
660
676
679
707
709
721
718
699
681
662
649
643
644
644
643
642
642
633
620
616
614
623
627
641
641
652
660
661
652
653
641
644
641
639
633
626
613
603
601
609
608
624
634
646
644
641
638
642
641
646
648
646
652
652
649
635
635
634
632
638
636
633
630
640
643
651
637
638
632
646
645
658
656
664
673
666
652
640
638
637
636
633
628
626
1258
1256
625
634
643
648
655
671
681
691
698
727
734
739
727
710
693
677
676
668
663
655
663
658
671
678
671
672
679
681
686
680
669
672
662
654
653
655
669
1328
664
653
657
650
648
642
652
648
1320
665
671
671
692
692
688
672
666
666
660
651
658
649
650
640
642
640
663
670
688
691
688
677
681
1322
639
624
618
603
609
614
620
630
640
646
649
643
643
653
664
680
672
669
667
664
657
665
652
668
667
687
697
690
681
676
674
667
655
646
641
644
650
648
642
640
629
630
633
641
655
669
669
1373
689
682
688
687
676
665
648
648
645
634
634
624
631
638
652
670
682
673
686
682
683
670
658
658
649
643
640
630
614
604
605
614
620
629
645
650
657
645
636
637
642
646
654
655
662
661
653
656
655
1323
664
643
647
645
637
642
636
638
637
642
640
617
616
614
614
618
610
612
614
615
630
636
633
630
623
629
634
630
628
627
631
634
627
625
617
625
619
608
614
609
614
617
628
630
655
662
650
656
646
651
645
639
641
631
640
639
644
646
658
667
666
1334
1341
659
654
648
659
662
662
664
667
665
680
667
668
668
668
677
665
666
671
675
672
661
666
678
679
679
673
669
665
663
661
656
668
678
663
659
650
656
651
645
646
644
653
654
666
676
1403
683
683
671
668
662
654
649
645
617
616
622
635
662
682
684
693
690
691
693
688
699
673
672
677
661
668
672
683
707
722
734
707
700
680
695
704
718
694
688
685
684
687
1340
663
652
653
649
651
651
672
715
770
778
746
748
730
727
704
682
672
672
661
656
667
681
697
713
709
687
678
691
685
677
663
673
669
659
655
648
650
654
659
676
682
707
738
759
783
781
785
765
729
709
697
667
663
648
654
669
682
676
676
657
649
1322
675
680
676
674
663
648
652
648
651
642
652
669
692
691
641
650
663
668
679
687
667
641
642
644
639
646
654
662
653
665
686
688
701
701
689
700
701
694
670
668
659
656
653
646
645
651
656
672
1352
660
634
628
628
626
629
615
630
627
635
639
636
648
648
650
647
639
620
618
610
610
598
608
601
611
624
2658
1342
655
669
661
656
663
658
653
654
657
647
1282
638
630
634
627
637
642
654
1987
656
1302
651
659
1358
1516
711
695
1361
684
1341
651
1309
663
2007
683
688
680
691
700
684
677
670
671
655
648
649
635
646
645
648
655
1332
662
662
664
670
674
667
660
649
648
646
643
622
619
621
635
641
648
643
663
670
663
670
672
676
656
651
642
645
647
652
661
664
659
672
678
695
683
679
667
666
670
663
665
660
664
676
667
666
670
679
675
678
669
669
650
645
643
644
651
661
644
659
652
652
656
658
663
664
675
689
696
693
681
670
675
683
678
677
688
682
679
675
671
647
661
658
634
624
618
615
625
635
644
656
667
662
664
655
663
686
687
706
695
704
700
690
673
643
641
637
636
634
635
633
627
610
618
616
630
655
730
825
880
874
830
809
774
735
715
694
679
688
687
693
692
694
704
709
715
707
697
695
682
681
664
664
671
663
674
688
677
691
686
687
670
670
682
691
701
708
705
688
680
1957
617
627
614
628
665
1667
831
767
1500
732
730
726
709
698
696
701
697
699
697
694
689
685
682
675
672
670
670
671
682
687
694
693
682
685
680
678
672
673
656
648
646
641
639
647
631
621
628
654
676
709
731
733
710
679
678
665
661
664
660
675
679
708
707
708
708
723
744
749
738
722
703
686
664
1305
658
686
729
745
721
729
737
720
702
687
678
666
675
665
673
689
691
689
704
714
714
696
685
678
671
676
685
693
686
673
665
653
664
670
676
665
666
649
658
662
654
658
673
700
747
762
755
749
724
713
709
695
697
686
688
675
684
678
657
679
671
697
688
706
700
706
672
704
671
678
679
648
638
627
626
629
630
647
668
686
685
696
693
751
799
781
771
750
750
741
740
707
693
685
685
685
687
702
739
767
815
792
809
786
773
739
718
693
693
691
702
689
674
669
686
692
694
684
700
711
698
694
675
673
676
673
671
665
681
703
691
704
692
708
713
695
691
1410
691
689
675
673
671
1344
702
742
771
1465
697
682
689
686
2727
673
691
1367
682
1372
689
681
696
698
1367
659
654
644
639
648
669
679
688
714
733
738
735
1486
736
713
701
681
670
664
653
656
652
1267
643
653
673
687
676
668
677
2047
680
1343
670
667
664
674
676
703
692
699
684
1370
680
672
649
643
646
1284
646
663
669
719
767
766
1543
765
755
714
2097
685
666
664
1326
660
660
667
1365
695
1408
719
732
709
704
686
687
681
663
662
649
1305
656
653
1377
725
730
730
719
721
699
688
675
676
683
675
683
666
676
689
676
688
678
1394
697
683
1377
2125
689
1351
1362
692
682
688
680
668
669
1317
652
658
652
652
653
659
694
711
706
693
685
685
671
668
664
661
661
650
649
652
654
641
654
644
660
680
693
699
714
719
706
687
683
684
678
665
660
656
656
664
665
666
665
657
668
677
675
687
683
674
648
639
630
633
635
631
642
645
643
644
643
638
643
663
690
696
704
1466
714
685
672
665
648
1269
619
620
624
646
681
691
697
683
698
697
690
690
685
1367
690
1385
698
695
680
2011
1969
671
1344
1362
697
697
687
692
687
671
671
681
683
683
672
660
659
656
649
671
675
717
765
771
750
743
733
725
691
688
677
665
655
659
657
655
648
635
643
638
633
630
630
632
636
646
657
654
665
663
677
671
688
662
657
653
655
660
653
656
648
660
663
664
661
656
653
664
666
669
670
683
671
665
668
671
681
665
662
653
666
666
662
673
680
671
658
653
654
653
647
671
674
670
678
669
674
674
674
669
665
674
671
660
649
652
633
638
633
638
646
645
663
681
673
669
678
677
681
662
658
646
648
648
649
656
681
694
718
734
715
710
704
672
657
649
645
646
631
639
646
652
649
655
678
692
703
716
734
728
721
714
712
715
706
699
687
672
660
657
662
664
668
682
668
667
669
665
649
668
675
682
682
667
660
665
648
652
658
663
664
662
654
655
665
686
735
746
671
658
643
636
642
647
663
670
672
1320
652
642
628
636
636
653
662
665
675
673
670
683
658
634
627
626
638
641
643
646
661
668
1333
666
656
664
674
691
730
735
729
692
738
715
681
689
684
697
692
699
684
677
668
669
665
667
674
662
662
1343
686
691
714
719
716
714
691
686
673
683
681
691
686
700
705
701
699
688
677
683
670
660
654
643
651
655
663
663
667
676
674
679
669
688
682
673
663
666
658
659
659
656
653
666
661
674
679
673
640
647
644
646
656
665
1956
638
641
645
638
643
618
624
614
622
1949
1352
2897
2816
2523
603
1209
2592
4855
1932
1954
1335
680
691
711
723
714
700
2064
2105
691
672
664
674
684
687
539
841
683
688
2038
669
671
667
663
659
659
658
664
677
2048
667
658
644
1947
1355
1295
654
685
734
985
1079
897
669
646
628
621
605
604
605
604
634
661
703
770
766
746
733
737
752
735
1468
714
697
687
666
655
643
2792
834
858
838
811
782
758
727
706
695
685
678
685
675
667
670
659
676
656
655
636
632
629
636
649
655
654
639
643
637
636
643
634
640
640
648
669
693
720
729
745
738
712
692
678
677
671
685
2115
717
709
712
699
701
1383
692
686
2022
681
683
696
703
702
2079
661
1301
647
624
628
619
621
627
631
631
633
633
624
613
1231
2515
636
640
643
1555
474
681
675
2025
657
1315
656
1949
654
642
644
641
643
649
663
672
683
1388
315
4262
632
641
655
657
682
1392
1365
655
1284
1266
619
621
617
1262
663
702
740
767
769
766
742
729
706
696
681
671
669
1958
645
616
615
612
610
628
1290
3160
611
610
1214
619
626
653
261
412
689
1368
653
658
1317
657
1917
622
624
683
562
620
616
623
635
643
650
646
644
637
1292
641
641
645
646
647
1269
623
616
616
1235
617
1862
610
613
614
611
618
628
634
652
659
677
693
710
716
724
410
306
693
676
665
651
650
643
642
636
633
632
634
631
631
636
640
651
645
641
623
616
614
619
630
644
654
657
669
659
1307
657
668
680
674
679
676
679
683
1358
680
659
656
1302
640
640
1246
620
635
658
730
879
894
856
842
829
800
754
739
713
698
690
682
671
672
681
683
672
668
673
683
680
674
671
660
659
649
636
626
620
618
627
1280
655
662
671
667
670
668
665
663
662
678
704
742
729
708
715
718
697
689
681
675
1377
691
700
702
746
769
774
1514
749
747
738
722
708
708
691
682
681
676
674
668
667
693
725
756
761
756
735
707
688
1357
684
698
699
709
718
734
726
714
702
701
696
695
697
726
720
714
688
657
644
663
659
670
687
696
705
2104
688
1366
2011
658
654
659
1364
676
670
328
347
696
676
2649
509
1437
604
644
674
697
724
737
745
738
754
720
715
703
686
670
656
654
663
670
681
706
698
710
704
700
688
671
660
658
678
701
704
724
736
736
742
730
729
713
688
674
654
653
671
724
765
771
768
722
704
676
646
637
1288
660
669
667
669
671
675
688
546
909
759
753
743
729
709
713
691
688
684
674
678
681
1348
685
689
681
690
711
703
724
722
706
691
685
677
670
663
650
652
647
654
663
680
690
695
704
700
691
709
667
652
643
645
641
644
640
650
670
675
698
698
731
729
722
706
713
1367
666
656
659
659
470
828
648
651
710
591
678
688
691
678
667
654
646
637
1198
1359
651
641
633
630
627
606
613
614
616
658
710
764
797
816
829
794
774
784
782
757
726
698
669
655
638
630
630
638
1289
646
632
631
623
627
613
604
608
1176
1315
634
622
629
627
633
630
641
646
650
662
654
652
5788
602
594
590
588
589
608
634
674
692
683
1416
3941
618
615
1202
599
599
600
609
621
654
686
1411
731
714
699
681
675
1323
655
645
645
639
638
628
641
631
631
627
626
631
632
648
1289
648
655
653
1303
643
639
639
627
623
612
609
614
630
651
680
702
708
714
718
720
717
704
705
694
681
669
669
666
671
680
695
711
716
705
684
680
677
679
675
667
660
654
653
657
665
682
659
653
631
645
640
649
659
662
651
660
659
655
655
642
644
635
645
646
647
648
649
663
668
666
677
1363
673
666
656
1291
639
639
1272
642
639
641
639
637
648
656
672
669
672
655
657
651
644
644
630
626
624
620
624
634
637
1319
665
674
691
685
667
662
652
650
655
645
648
647
632
616
614
618
623
1267
658
644
664
656
671
671
666
662
659
664
674
674
668
681
688
690
680
676
661
665
668
669
657
666
664
663
658
649
647
654
650
657
648
656
646
668
673
668
669
666
697
707
723
707
691
672
657
653
644
1982
674
674
1354
672
668
661
666
672
650
651
639
645
642
636
640
635
1292
648
647
641
643
640
639
639
642
650
646
618
624
1229
613
624
621
624
631
634
630
633
626
632
626
617
621
622
626
619
628
626
629
633
627
643
642
652
656
645
642
643
1288
644
649
651
671
662
631
625
629
648
656
652
650
647
655
654
651
663
680
694
700
679
680
683
701
709
709
697
709
698
691
691
680
689
677
671
662
1349
703
674
688
668
667
666
658
668
663
686
712
703
732
1479
725
723
700
698
691
670
677
676
672
678
669
662
657
667
699
718
755
743
729
694
694
685
680
683
668
677
675
688
704
699
720
729
730
704
702
695
700
698
678
686
687
704
710
716
717
694
702
708
708
699
699
694
690
689
689
673
672
668
674
667
678
662
680
694
703
715
713
732
716
713
698
698
699
678
684
682
680
686
693
690
703
685
680
675
680
687
670
677
658
657
658
659
661
658
655
646
640
637
639
642
645
657
1396
700
687
694
687
672
669
666
663
662
661
666
672
662
663
666
678
689
709
697
695
694
694
687
663
668
669
674
673
675
668
677
678
671
682
689
696
683
656
652
1297
637
641
637
626
622
642
649
688
720
723
692
685
691
686
670
674
668
678
681
681
695
690
722
748
760
729
725
714
707
695
666
659
647
670
688
713
714
688
687
675
681
687
686
695
699
706
710
691
697
702
708
710
687
690
686
694
704
706
1373
690
698
716
695
711
702
710
713
682
689
688
686
678
678
674
692
701
692
691
687
699
688
697
691
698
713
709
684
692
671
685
685
681
679
682
685
707
726
717
688
685
681
675
661
666
663
674
691
689
683
691
684
684
677
675
662
670
671
666
666
666
670
678
687
677
678
673
686
670
666
666
667
684
680
674
673
660
652
648
649
631
630
616
609
607
610
620
634
659
672
680
685
679
693
706
684
697
682
670
670
666
647
630
612
1824
618
2525
2563
1275
1924
647
655
665
1372
700
701
707
708
705
710
717
712
698
699
686
682
693
666
673
670
681
689
680
680
1360
668
661
1289
630
619
615
608
619
621
635
645
664
677
1438
726
719
705
699
703
705
695
688
674
670
658
653
646
649
652
671
700
761
830
894
817
806
768
742
723
718
720
714
720
701
690
694
694
667
671
664
662
644
2763
745
1546
1506
710
696
1309
644
643
655
662
660
662
1349
688
691
1374
694
690
688
691
689
688
683
1344
2027
678
675
1362
681
692
2109
698
689
679
678
674
704
1409
1372
680
667
658
668
657
661
2003
685
680
1372
682
1327
638
629
636
2009
705
699
1366
664
2590
631
637
663
1430
739
749
685
685
1397
728
720
1396
668
664
657
1286
1290
647
1308
1367
687
684
673
681
682
682
1365
674
670
660
653
656
661
660
656
654
630
640
630
634
637
646
661
691
698
725
739
737
731
702
702
690
676
676
662
656
666
663
654
655
648
629
628
625
640
649
665
710
722
713
712
701
696
689
675
667
671
662
655
655
657
667
695
731
734
773
782
752
738
716
701
682
688
658
658
673
692
721
729
698
691
689
679
662
669
663
667
676
689
1541
757
736
716
727
721
717
704
688
685
662
646
646
661
1352
727
754
726
710
707
686
676
665
668
675
667
667
667
1346
682
674
677
1359
671
674
1343
653
650
654
657
654
657
645
645
643
634
640
645
654
657
665
655
659
652
649
665
661
655
660
670
667
661
661
656
667
668
672
677
683
660
651
1291
661
672
668
676
670
665
646
642
640
632
631
625
605
613
617
624
626
650
680
665
709
736
729
717
717
698
676
648
642
637
636
639
645
641
625
627
632
630
641
638
639
642
646
648
643
635
633
625
617
620
642
647
670
690
727
732
720
728
715
690
693
695
690
703
728
741
767
760
768
773
722
724
703
698
693
694
700
698
724
731
746
741
744
745
737
736
728
726
717
711
705
698
698
696
714
730
729
734
727
691
687
690
686
689
699
694
690
705
705
698
685
1337
635
634
623
624
661
738
761
778
767
777
781
772
774
745
745
698
1346
1350
703
731
735
754
1479
712
715
722
718
730
721
726
745
712
731
717
716
701
713
704
708
686
680
676
672
685
674
686
706
715
736
733
729
730
712
698
689
688
679
673
670
674
681
693
694
694
679
672
651
646
641
637
637
652
653
677
698
708
698
694
677
668
653
646
649
642
661
675
737
781
805
824
815
805
784
774
755
716
699
663
655
652
653
662
678
721
1503
786
759
763
745
726
717
704
701
712
719
727
744
766
756
748
753
750
749
723
709
717
717
727
725
714
733
747
766
754
737
720
725
733
735
699
703
696
709
725
740
716
718
729
737
734
716
718
702
708
713
699
705
701
716
729
721
720
717
727
731
731
716
703
714
718
719
716
710
721
721
711
702
687
696
699
688
693
688
700
673
681
666
686
693
687
681
668
682
680
672
669
663
669
673
669
676
670
688
709
675
666
677
682
688
687
700
710
693
693
681
700
710
731
749
749
732
721
719
717
707
711
724
765
766
771
771
775
759
746
742
724
706
711
709
688
1366
705
691
1382
700
700
685
649
641
633
1297
715
783
830
833
1610
788
781
785
764
768
776
782
773
779
772
763
758
770
771
772
726
727
725
743
762
762
758
733
729
717
711
680
691
701
706
742
718
717
745
802
819
828
814
792
765
747
730
709
701
692
694
710
723
733
737
723
733
728
730
739
715
716
725
723
724
711
710
730
740
742
735
722
741
716
725
700
693
689
676
668
675
681
682
692
680
675
686
678
676
684
685
709
712
756
775
787
759
745
724
711
701
677
645
646
644
656
675
710
763
789
781
803
828
827
785
785
772
755
735
734
729
735
746
730
740
727
752
767
737
738
731
731
745
761
741
731
724
615
733
676
708
1457
736
747
727
699
687
689
1370
686
692
685
687
676
692
1380
689
689
685
680
666
662
654
652
647
612
629
620
627
661
727
730
771
777
785
771
753
745
763
760
749
1413
719
713
712
688
670
678
673
2012
656
648
651
651
1328
1334
654
685
688
738
778
792
796
762
738
712
702
687
688
686
704
707
737
727
730
712
714
1412
715
1396
2048
660
649
654
660
662
1322
650
637
637
628
644
688
741
922
1000
977
1853
855
779
779
747
748
742
737
735
721
719
715
704
694
701
695
698
711
708
720
729
702
700
697
688
682
676
654
1296
621
629
1278
660
696
741
769
779
763
755
709
688
683
681
683
685
684
1396
712
1413
1399
696
1392
696
723
715
729
720
715
713
719
709
1415
2164
728
722
720
1424
716
712
1410
726
1443
694
684
1336
659
658
1959
1308
1329
678
1385
730
719
706
694
680
667
653
652
654
647
1290
642
633
1259
1249
644
673
1429
2829
1310
1271
1971
1381
3589
2132
1354
663
645
645
646
650
658
1394
1474
768
1477
724
700
682
659
653
653
666
2985
784
254
525
318
434
1542
375
773
646
367
495
1052
643
663
657
1318
627
630
3255
1442
2137
2135
363
376
2282
1465
701
701
709
879
2894
3873
754
745
737
724
730
1465
760
1513
759
749
733
724
710
697
1380
676
671
662
650
637
623
614
618
623
617
650
639
688
735
796
787
774
760
740
692
674
672
667
668
656
1291
641
643
641
638
319
334
652
667
665
1274
654
646
649
641
664
675
672
671
665
655
646
642
641
640
648
652
670
687
685
686
684
694
706
700
714
713
721
736
737
706
706
685
667
1323
657
658
655
651
648
648
652
646
635
642
640
635
678
694
790
898
901
824
811
774
749
743
707
719
696
716
362
354
696
671
659
658
662
675
682
689
678
691
694
694
700
710
702
724
1464
703
682
679
672
665
646
651
650
654
689
721
792
838
867
861
854
828
797
752
701
711
687
684
685
690
693
697
707
715
726
742
742
731
734
717
711
722
718
698
699
666
655
656
670
682
694
698
709
717
704
691
700
710
716
739
720
725
717
729
715
720
719
710
709
708
706
692
694
692
704
725
740
747
734
748
735
734
716
721
689
699
688
675
669
691
691
697
697
694
681
671
655
652
643
653
652
683
700
714
724
712
705
713
694
719
714
717
683
675
675
675
672
666
668
680
711
746
755
750
721
711
686
698
698
704
686
684
688
723
729
743
749
738
723
702
698
674
688
678
713
741
768
765
760
756
734
729
707
692
703
709
716
721
715
717
718
715
720
724
732
729
687
694
670
2100
1431
1430
709
706
699
693
707
708
706
729
713
703
494
878
695
682
711
737
763
746
719
1419
1362
670
1343
669
681
675
673
662
675
1117
349
561
678
1386
2893
699
705
708
714
699
711
700
724
722
732
737
2173
738
1468
704
710
698
700
682
490
2586
1421
1503
1219
274
2963
4440
742
581
3692
660
652
647
637
643
647
658
768
1213
636
646
651
668
713
744
746
726
757
765
733
712
705
695
693
687
684
670
653
653
647
661
665
688
740
795
812
843
810
803
783
750
706
687
670
655
671
684
710
734
734
705
708
691
698
713
715
271
446
1371
667
659
646
621
626
625
634
656
676
697
689
1409
706
700
709
707
709
704
726
761
795
802
810
806
760
728
727
1481
769
798
813
807
801
780
765
771
774
766
3056
763
778
794
798
749
734
2199
2232
709
688
682
670
688
702
754
785
759
765
786
1589
752
744
722
729
736
1449
726
738
763
775
729
1482
1478
745
750
752
751
728
730
779
704
588
3132
771
727
735
729
699
673
668
678
719
755
771
747
768
775
779
743
752
769
789
798
765
768
764
771
331
428
715
734
728
749
765
772
763
733
733
772
777
784
766
742
739
262
951
853
664
660
675
705
719
704
713
703
707
712
683
693
701
708
729
737
760
760
750
766
1508
713
698
710
705
704
714
707
719
728
739
706
712
694
708
721
727
729
731
704
719
708
729
745
747
733
713
718
708
729
720
1493
762
1531
747
701
696
680
705
720
756
749
755
774
773
731
730
710
714
723
713
706
705
733
735
740
717
718
700
710
717
706
1408
729
707
719
701
690
657
657
667
662
663
657
651
645
641
638
632
614
626
614
617
654
734
1710
856
1600
742
700
688
425
627
985
690
341
341
1338
663
665
658
648
656
656
1954
697
649
643
636
635
645
686
737
765
821
842
812
740
742
769
783
794
804
800
781
773
750
504
948
718
718
704
715
730
750
747
741
740
725
702
716
716
688
707
681
688
683
683
670
681
681
677
704
346
853
354
381
511
282
645
650
1313
673
673
675
680
690
689
685
3513
1019
419
699
687
670
662
657
647
633
625
620
622
646
682
705
734
743
765
737
747
719
703
705
698
718
721
737
1535
786
755
749
745
725
707
702
685
678
686
688
705
688
694
697
690
689
688
675
666
657
644
644
645
661
682
706
728
734
728
727
717
721
719
716
716
705
691
694
690
1357
661
648
651
652
656
661
656
663
676
669
661
646
640
643
655
673
717
772
816
824
809
771
735
712
698
690
686
689
688
727
761
763
777
777
834
854
819
810
770
751
729
722
726
731
722
729
726
777
786
766
769
763
740
742
742
729
718
708
702
698
721
704
704
697
696
697
697
699
701
684
702
688
708
725
715
708
698
703
703
684
698
697
712
717
718
712
698
700
713
710
720
716
729
721
712
710
705
701
729
720
723
721
721
711
698
690
690
692
688
694
719
725
727
726
698
672
674
690
698
706
705
704
704
709
693
681
670
670
672
679
704
720
782
844
820
816
827
778
779
744
743
733
728
722
714
696
692
689
690
680
693
724
759
764
794
798
799
804
807
794
792
768
735
725
716
706
708
710
704
694
685
687
701
721
744
757
729
730
717
708
685
685
677
685
688
701
734
739
768
923
982
296
648
740
682
678
688
687
694
716
736
729
731
715
693
661
650
652
655
684
696
722
751
765
756
752
738
742
722
693
687
678
695
700
694
699
696
719
725
727
731
730
749
742
729
725
709
710
698
683
682
677
691
701
709
712
734
724
717
706
712
697
670
677
660
660
662
662
660
666
673
664
679
675
681
676
673
666
660
662
666
658
651
659
680
712
734
739
742
719
719
712
693
690
697
719
715
718
693
672
666
644
634
637
647
666
688
717
723
707
700
705
717
714
688
707
709
707
714
698
685
672
665
646
646
646
657
694
787
856
856
840
818
807
793
789
767
740
719
684
672
657
648
1330
699
707
710
734
741
1432
711
706
699
684
670
670
665
663
667
674
690
698
712
698
703
748
771
790
784
773
728
729
709
693
688
685
688
688
706
718
721
717
711
704
726
720
732
727
732
726
734
728
712
713
706
694
687
676
675
671
679
691
694
697
694
698
697
683
681
674
685
692
673
674
669
673
678
671
672
674
683
678
685
689
699
695
685
680
675
693
697
692
702
695
703
678
694
692
701
701
686
691
690
696
697
683
692
694
711
721
716
723
728
746
758
734
725
720
714
699
705
704
737
752
757
728
723
715
723
700
719
716
700
665
675
693
732
765
762
747
741
747
742
729
727
730
748
735
753
776
793
794
810
782
779
746
732
720
747
768
761
774
771
771
759
732
733
731
736
725
686
682
674
677
687
707
715
749
798
798
819
811
818
807
767
756
743
738
716
730
718
735
762
757
753
737
752
756
756
771
757
754
735
749
739
742
729
743
720
738
748
743
744
729
746
743
721
710
721
728
735
719
713
713
707
708
709
739
762
770
746
744
727
744
735
755
748
768
734
746
731
753
751
730
738
729
744
742
728
730
735
743
750
736
727
728
719
716
694
679
686
698
702
707
710
704
697
657
665
656
691
726
728
742
770
774
759
768
767
763
756
722
707
704
703
704
688
688
699
708
674
670
675
658
673
669
678
667
682
693
701
714
697
721
715
724
731
729
713
720
725
712
712
716
729
735
729
717
714
709
717
692
690
689
686
690
691
698
722
734
731
771
770
720
714
700
687
686
676
688
699
711
709
719
747
765
733
733
735
732
708
719
704
708
716
711
710
707
722
705
724
727
732
707
715
719
729
731
716
719
711
723
722
725
725
722
714
709
715
705
696
694
670
657
653
671
675
698
703
728
730
715
718
711
731
744
733
742
746
750
749
722
710
724
737
755
760
750
736
747
747
741
714
725
713
710
701
714
702
717
729
747
737
739
743
741
730
729
716
723
725
710
717
708
718
721
705
714
712
725
731
732
728
716
737
738
724
715
696
698
696
698
691
683
698
702
721
696
1359
662
641
642
647
669
685
682
686
685
692
696
673
668
662
666
679
689
743
801
795
803
813
788
730
718
694
679
663
662
660
652
628
626
628
627
638
657
681
708
704
1373
672
1346
664
663
653
659
1319
679
710
1485
741
737
744
1489
1490
716
700
1377
670
667
661
663
1362
694
2118
730
725
723
681
1377
710
693
709
1396
2932
3079
2224
736
734
2827
722
734
743
753
761
759
2229
696
705
1440
1497
765
761
725
742
731
744
755
765
741
741
742
763
771
749
751
1508
736
749
715
718
713
710
710
1422
1451
1374
682
678
671
1363
699
715
729
731
708
714
702
1494
757
731
727
741
752
762
722
734
717
1476
768
736
741
758
758
758
724
744
1489
769
780
743
745
742
757
770
758
748
747
764
775
766
753
755
773
759
753
751
1574
768
775
758
1489
719
709
737
759
735
1542
784
741
757
759
761
754
722
729
726
741
760
730
750
750
1569
751
816
647
699
675
657
643
655
653
673
1404
715
692
700
688
718
749
782
795
807
795
676
2466
771
771
771
735
741
759
771
798
771
795
789
797
793
738
746
714
742
759
725
722
1430
677
669
678
694
684
705
743
739
710
716
713
691
688
685
701
696
729
747
776
796
767
763
777
790
802
775
798
801
809
820
799
801
808
803
786
771
776
770
791
817
832
839
830
821
774
763
764
785
806
811
766
771
766
762
734
753
775
782
791
782
761
751
769
789
808
800
768
771
778
796
812
780
794
797
798
796
749
763
762
773
797
793
779
776
780
796
766
777
783
803
802
763
767
749
767
788
796
787
788
805
811
787
778
767
785
776
745
741
864
1274
729
709
730
744
1491
740
753
742
701
702
706
708
697
726
728
778
781
736
1502
775
785
779
751
740
734
755
769
761
778
771
794
756
745
771
780
774
756
740
700
700
699
688
713
733
815
908
915
898
906
873
854
830
790
787
736
721
720
713
720
714
712
725
725
732
753
760
763
720
724
741
756
764
749
757
763
769
774
762
748
733
744
745
754
768
748
765
754
784
802
806
798
742
729
737
726
717
719
703
1441
731
721
2111
685
678
663
682
688
681
685
680
687
700
710
717
724
736
733
734
720
698
696
710
725
739
720
718
735
746
729
724
733
729
705
722
730
730
725
730
735
718
733
735
731
728
732
714
689
689
673
698
707
723
707
690
658
669
661
672
670
655
665
723
906
955
949
930
866
841
800
776
1569
780
748
758
753
750
756
758
743
744
740
643
1613
766
740
755
746
752
747
736
735
737
742
733
739
721
722
693
693
676
688
689
695
703
709
696
690
701
704
708
709
708
729
734
731
721
711
718
720
715
735
734
763
788
785
786
767
760
749
720
719
702
716
722
714
731
715
732
741
737
729
747
742
733
716
696
690
683
682
678
651
663
646
655
665
688
685
721
707
708
692
710
689
684
685
688
683
679
688
702
722
718
718
717
706
696
675
657
658
670
680
709
729
735
734
715
723
716
706
719
730
730
721
743
757
765
757
741
731
734
726
725
697
717
714
758
729
724
723
706
697
700
698
695
687
681
676
669
654
660
663
651
662
663
683
708
710
731
724
728
712
713
691
682
671
671
668
670
680
688
688
689
699
712
720
729
731
733
716
708
698
686
682
676
683
685
687
676
649
648
661
670
690
704
714
722
703
1392
688
685
686
686
695
699
746
771
779
769
769
737
740
737
722
729
714
729
734
750
744
746
759
747
731
719
717
741
752
749
756
749
741
738
722
730
743
761
769
745
734
688
680
684
707
705
728
730
701
720
717
711
729
729
746
778
771
774
775
753
769
744
737
762
779
786
761
785
770
782
762
768
786
766
793
779
797
796
739
735
724
720
1397
684
687
673
662
657
656
646
640
634
628
636
634
646
643
650
654
644
649
647
665
682
739
817
873
850
875
871
856
775
759
745
741
698
709
699
707
709
701
673
685
677
679
689
674
686
681
705
726
741
714
723
702
706
711
692
694
687
700
705
688
688
675
679
678
692
694
676
687
688
687
676
684
674
668
647
648
655
646
653
656
665
694
735
771
801
818
827
794
772
733
721
713
704
705
711
717
725
714
728
719
709
688
693
685
672
668
661
666
672
689
691
717
709
750
751
759
743
736
694
688
673
658
662
656
657
653
658
651
661
676
679
689
682
687
670
669
663
670
681
686
678
669
655
643
627
623
631
643
660
682
707
725
713
717
705
705
701
681
685
673
672
680
686
685
694
702
689
692
691
695
689
668
666
662
652
647
638
639
640
644
636
632
632
631
634
645
631
638
640
649
659
646
647
647
656
661
654
642
633
636
636
645
656
646
652
659
674
675
695
702
717
725
713
686
673
672
671
672
647
653
646
645
648
634
643
648
655
665
674
680
653
650
632
624
629
641
659
677
705
727
717
708
695
688
687
671
664
662
677
696
729
738
760
815
780
779
756
747
713
698
655
665
650
659
680
684
700
690
700
694
688
661
645
642
644
648
661
681
695
699
682
675
664
662
655
665
666
697
727
771
780
755
733
715
688
685
679
691
707
690
702
681
693
704
716
694
693
676
688
707
718
712
710
689
699
712
719
725
718
729
729
712
706
703
702
684
683
668
672
661
665
656
667
667
658
656
665
681
681
678
688
688
681
653
650
641
647
649
641
645
639
640
640
643
651
660
677
698
663
674
663
665
660
662
658
661
669
669
653
661
650
657
657
636
640
628
631
626
628
627
630
634
641
640
621
625
620
610
600
601
602
598
610
606
611
610
599
607
605
607
610
597
605
604
614
625
623
636
638
653
661
643
650
642
646
642
628
635
637
640
646
632
642
640
646
648
638
648
642
656
657
672
681
656
671
660
659
640
643
640
651
659
673
678
687
692
682
683
674
688
691
688
656
660
664
655
632
644
634
646
654
665
644
658
659
682
700
693
723
718
712
712
724
712
711
665
674
653
657
659
653
679
683
714
698
712
745
732
737
712
704
707
703
693
691
681
691
667
682
672
699
701
713
698
713
684
686
692
688
698
674
662
661
672
686
697
699
706
756
765
721
719
713
668
654
646
662
661
688
705
683
686
684
686
673
665
662
677
700
721
728
756
784
795
771
766
757
735
724
726
722
697
684
666
683
688
709
698
706
696
708
706
693
690
696
720
734
750
729
761
779
738
735
721
708
678
688
681
692
701
717
725
740
745
727
721
713
699
672
678
664
666
683
667
680
677
1331
656
640
635
621
613
616
619
629
637
645
657
644
644
649
660
653
659
664
649
668
666
667
685
689
696
693
716
726
732
704
706
705
700
701
672
675
669
669
658
665
667
679
695
684
689
675
677
677
676
688
675
682
677
677
668
660
671
670
671
662
658
646
639
629
620
610
611
619
634
669
711
712
713
688
719
733
733
722
700
693
699
696
689
646
656
649
648
658
661
651
648
671
699
735
722
722
711
718
712
706
702
688
687
693
694
689
688
674
657
646
646
650
676
688
684
688
691
681
666
650
662
678
713
725
760
744
746
739
705
705
694
702
721
711
731
735
764
789
771
766
776
779
776
764
750
728
719
713
716
699
694
700
711
726
728
698
697
674
662
661
654
678
713
735
765
760
731
711
677
657
654
651
650
633
634
632
638
649
655
653
654
646
636
625
632
636
654
662
666
660
1954
631
632
640
665
704
754
812
818
787
758
715
692
689
666
660
671
672
673
664
643
634
631
629
634
648
660
678
669
682
696
727
714
705
727
712
681
683
667
669
650
656
655
648
642
634
619
611
608
613
635
666
714
745
784
818
836
843
781
768
733
720
698
693
682
665
643
644
635
644
645
657
662
670
654
661
654
662
672
677
677
665
680
683
692
688
688
648
646
637
625
625
627
640
695
739
791
833
838
812
784
763
732
715
695
688
657
638
626
525
714
618
644
673
787
375
896
681
1359
681
667
657
665
1335
660
2042
1379
1354
2083
1388
688
689
678
1409
687
675
686
676
1032
303
1280
632
651
672
677
704
1478
768
1482
704
698
1833
1048
686
2856
715
1430
1459
695
731
730
759
334
1230
784
758
747
421
331
382
1973
890
619
1055
976
646
483
455
700
2244
2863
4909
624
1453
1482
740
700
724
719
2250
761
731
700
2909
760
722
704
686
1422
1479
1524
1551
1510
709
706
701
750
796
846
843
1613
798
2296
743
743
711
751
774
804
946
741
805
818
792
781
738
720
706
1397
688
714
747
772
789
760
748
1445
717
716
717
706
688
687
700
717
745
752
711
719
724
721
732
705
708
711
706
697
691
692
710
688
714
708
701
726
733
738
732
694
697
703
700
720
707
715
721
748
753
753
721
707
701
709
709
687
709
724
742
746
720
735
720
735
727
706
694
701
702
705
706
704
723
726
728
756
748
716
716
720
710
691
687
676
684
672
668
678
683
653
645
655
670
688
701
678
680
670
689
704
718
718
702
706
727
734
760
766
726
729
734
739
746
744
721
729
752
755
763
745
746
757
755
734
728
719
730
741
714
721
706
737
753
780
758
753
743
749
748
714
722
710
741
751
753
712
710
722
714
708
694
703
722
747
759
730
717
714
726
732
727
690
696
696
698
701
680
701
716
734
750
713
724
712
727
723
714
691
691
703
688
668
664
662
683
697
709
693
698
707
711
695
687
675
679
680
668
663
666
679
679
687
660
669
668
679
690
677
684
690
688
681
660
660
669
675
680
659
658
654
662
703
784
807
782
745
751
736
737
730
724
695
720
730
766
765
757
716
760
786
781
769
756
704
712
705
705
709
715
729
723
694
710
692
710
672
689
688
675
669
657
644
628
637
630
645
667
666
681
704
725
728
731
712
714
714
683
692
704
716
710
709
720
714
701
688
700
707
688
711
733
746
726
728
715
701
693
694
689
700
732
721
731
738
737
717
708
715
705
702
695
696
692
694
670
667
665
637
662
655
673
694
715
730
724
731
721
730
702
716
699
688
666
676
681
682
695
708
726
729
725
724
714
698
701
683
684
680
681
684
695
696
708
707
702
701
682
655
648
657
667
696
716
756
757
784
775
759
732
715
721
721
721
728
724
724
729
745
762
770
755
742
745
747
750
739
736
718
713
708
702
706
702
717
729
730
735
710
696
685
692
692
715
708
702
709
709
698
689
654
673
661
655
669
672
688
690
695
692
700
692
688
686
688
683
678
675
678
682
670
680
685
690
679
688
700
706
699
691
676
654
641
648
658
677
687
699
717
723
729
719
729
723
716
709
708
703
705
697
695
687
698
2238
745
723
701
695
677
675
664
621
640
624
643
706
865
914
827
827
811
863
866
843
1565
725
717
678
687
690
691
700
696
688
676
669
635
647
654
688
753
804
777
731
731
733
734
744
757
766
769
779
774
754
724
709
703
692
663
661
647
259
390
318
253
668
268
4322
714
767
786
775
761
1553
735
732
705
660
659
658
675
691
736
768
771
747
744
716
712
692
716
740
731
722
715
715
727
731
745
725
736
743
729
734
731
745
754
731
727
720
709
702
702
708
706
718
744
725
728
726
724
691
695
660
657
655
656
668
674
674
676
676
687
711
712
730
742
740
733
715
712
694
688
677
688
686
691
709
704
687
687
688
692
689
704
717
718
729
734
741
752
748
732
707
700
691
696
705
706
707
702
693
699
694
680
681
686
681
702
708
700
679
681
672
668
677
664
637
456
791
665
673
684
699
713
741
775
799
783
790
787
789
785
727
726
710
706
689
690
678
680
684
695
682
692
697
713
717
700
695
699
714
714
709
703
710
717
728
716
709
703
675
652
652
643
655
665
667
662
655
650
639
616
617
618
613
633
651
668
680
682
677
655
658
659
702
732
741
701
678
682
678
675
673
663
1311
630
629
635
648
674
693
748
840
812
828
822
790
782
732
727
690
696
670
683
688
710
715
714
698
690
656
656
651
666
683
706
711
707
699
690
664
666
659
665
675
675
678
678
664
651
659
648
660
673
707
786
894
898
842
808
798
767
745
720
697
679
669
1301
632
628
627
633
633
645
1309
1317
681
2064
676
648
651
641
644
652
662
686
697
729
739
731
729
716
706
705
703
700
704
695
691
689
681
681
680
684
673
648
646
654
656
676
669
672
669
660
664
667
673
693
730
834
885
846
808
760
719
716
699
703
710
727
739
722
728
735
733
739
742
755
753
746
722
723
734
712
732
712
713
717
710
728
747
764
761
745
746
731
726
1438
714
715
725
755
777
786
792
780
754
742
710
706
680
680
670
662
674
689
693
709
718
713
708
700
710
701
705
700
700
696
709
718
730
730
711
708
703
702
714
729
728
729
734
735
717
720
702
699
686
691
703
706
727
769
778
771
759
722
692
679
666
673
682
683
688
680
690
705
691
707
702
721
694
709
698
725
740
748
754
734
728
719
720
721
702
732
731
745
733
748
748
789
814
787
784
741
735
726
718
697
669
666
650
663
672
705
755
791
790
742
723
708
699
696
725
745
754
747
720
721
701
686
672
675
672
710
784
862
887
866
841
816
771
749
736
748
737
743
735
726
704
705
701
713
725
751
777
828
842
831
821
821
776
781
763
749
730
742
753
728
731
717
723
731
711
734
719
751
710
712
733
766
769
766
764
780
736
761
731
718
729
732
725
753
749
776
763
755
774
793
806
787
759
731
724
732
755
760
775
802
800
773
771
766
756
735
727
730
725
714
697
702
716
719
721
708
717
729
729
748
749
762
756
736
726
733
736
742
716
697
701
698
694
688
696
702
720
714
717
695
694
698
675
688
697
729
733
801
768
775
743
735
707
705
688
669
661
667
663
678
679
688
716
748
777
760
748
746
742
726
718
718
725
713
669
666
661
662
686
718
715
751
753
762
745
741
723
717
714
696
713
722
724
720
688
686
676
673
1327
662
663
672
691
705
687
695
690
697
680
668
676
675
682
681
676
676
689
696
689
680
671
667
676
677
692
706
677
683
681
687
692
675
685
684
690
691
707
719
729
730
709
714
710
719
725
692
710
698
666
676
691
696
699
720
737
736
748
741
751
728
737
739
754
747
776
783
770
782
768
772
740
740
721
733
742
731
719
708
717
722
718
731
749
771
793
783
801
787
779
740
729
709
726
733
738
729
731
720
738
747
733
759
761
786
811
793
800
788
794
761
776
760
767
772
743
758
769
779
771
781
771
789
774
747
750
730
751
762
744
746
738
744
742
714
728
712
722
721
710
732
761
789
780
782
772
768
733
719
728
732
727
698
699
710
729
736
766
779
787
765
760
750
733
737
729
722
726
731
744
724
726
730
730
726
730
719
729
735
725
731
730
741
725
723
713
723
734
720
718
732
747
753
734
736
728
721
700
705
703
715
740
758
772
772
775
748
745
734
732
736
704
707
709
711
710
702
700
715
727
731
686
669
665
674
680
707
704
704
716
722
736
717
727
726
734
729
709
726
713
736
746
721
726
707
719
720
711
728
721
736
729
744
743
754
767
744
754
757
755
750
735
727
735
743
740
729
717
734
710
724
724
731
740
739
733
723
724
713
690
693
689
697
707
705
710
708
721
728
719
716
728
722
708
712
711
723
746
756
731
731
721
723
709
683
682
667
654
663
679
720
745
766
749
742
742
735
716
730
722
734
754
755
760
784
818
849
831
799
765
753
741
703
710
694
722
746
739
769
783
806
804
773
771
739
735
726
715
721
742
753
777
768
757
770
760
760
732
729
733
732
710
697
691
661
658
672
688
728
738
773
770
762
748
752
759
752
729
735
723
735
764
747
772
816
831
814
830
801
786
777
739
751
746
727
733
752
773
771
756
736
751
750
772
741
1430
696
658
654
657
666
682
691
739
763
786
792
785
758
763
736
720
721
708
725
732
746
742
759
755
769
780
789
791
779
761
771
778
744
782
782
775
768
767
780
745