664
690
1020
1624
695
688
665
1328
653
631
612
612
600
699
771
744
782
560
865
1350
627
612
612
661
688
720
672
782
779
742
677
698
680
651
662
633
690
658
707
778
702
678
702
676
688
675
695
707
1010
798
758
758
710
678
708
697
722
776
666
717
736
703
685
868
755
789
677
704
732
760
671
655
664
643
667
791
868
746
779
654
665
636
615
613
642
654
623
640
672
682
716
711
676
648
665
710
833
804
780
719
732
769
740
777
751
688
1322
542
748
646
642
457
314
629
494
426
410
274
342
3769
542
555
564
566
561
563
584
592
604
599
590
581
579
2680
277
990
2577
1838
630
602
709
655
1629
412
1354
462
1861
564
571
572
573
566
573
568
1729
596
589
594
574
603
599
620
619
625
613
636
607
608
1180
336
832
305
275
591
584
567
586
629
599
644
656
663
655
1919
623
619
623
639
629
614
793
535
676
643
636
611
3050
603
371
810
580
566
564
567
577
603
580
598
591
599
605
598
590
598
586
577
565
555
553
553
547
542
537
532
531
526
528
517
514
510
509
515
512
511
513
514
514
521
518
517
523
515
515
519
523
521
528
528
534
543
545
551
546
550
560
553
542
542
537
528
527
524
541
535
530
535
537
540
533
545
556
556
563
570
572
566
556
561
566
563
565
585
576
567
588
604
594
585
631
663
625
650
659
622
631
638
609
604
608
630
623
617
636
635
635
616
641
641
640
662
642
659
685
639
654
637
651
697
692
662
668
671
658
712
684
659
685
681
678
647
638
665
678
650
643
685
682
676
641
649
636
613
613
617
661
723
695
660
677
713
704
690
688
625
663
663
705
662
664
709
759
703
664
775
667
707
665
655
651
684
752
659
726
681
674
672
629
639
684
682
641
634
636
641
655
680
686
686
675
675
658
645
611
613
615
609
594
616
622
654
619
643
662
664
646
668
684
697
673
634
616
616
618
646
628
635
657
647
697
727
789
694
651
643
641
639
635
612
636
632
633
623
613
604
594
626
619
629
646
666
691
652
645
650
648
650
641
613
626
619
639
627
627
627
633
636
649
675
662
648
648
651
649
638
635
638
634
624
640
607
600
602
637
682
698
754
742
730
722
681
671
643
636
633
651
629
661
726
739
769
742
721
723
765
727
685
669
687
687
670
682
646
691
657
656
681
636
708
658
699
740
661
690
665
688
673
674
675
679
652
673
657
683
650
638
670
653
629
657
631
628
623
641
710
716
721
728
710
685
660
661
667
666
641
635
653
666
644
639
680
692
656
680
666
673
692
716
687
710
654
678
657
678
661
643
684
662
696
706
710
656
707
696
697
679
688
678
688
703
714
663
725
725
693
657
666
686
689
686
669
651
673
688
696
654
646
690
729
759
709
702
648
670
658
646
644
648
696
704
694
703
680
721
760
723
723
729
695
659
657
657
659
646
714
681
702
755
813
847
785
774
721
711
714
680
727
716
676
714
698
682
661
688
680
661
719
717
694
655
653
636
672
668
643
668
665
633
657
699
688
643
663
675
676
679
691
697
705
725
694
690
675
699
739
708
697
720
708
727
670
763
753
695
694
715
658
658
674
676
660
640
656
678
691
672
677
688
696
694
672
657
652
628
626
612
604
617
632
630
629
617
626
631
606
603
604
630
638
616
606
606
601
605
626
674
679
646
651
643
636
620
604
590
595
603
618
611
603
623
643
649
624
678
718
775
704
672
684
647
658
658
632
621
620
590
615
652
665
683
642
659
676
671
662
673
633
645
636
626
633
637
618
624
650
649
632
620
600
589
572
563
564
598
605
603
586
612
597
607
601
586
590
597
605
599
586
580
593
604
622
609
618
620
627
633
628
609
618
614
602
622
620
652
626
647
634
638
632
622
651
649
657
662
634
637
625
631
645
647
641
644
646
649
664
669
654
633
667
708
668
657
686
676
675
674
647
656
669
682
681
668
644
662
648
653
630
627
642
672
688
660
642
654
632
627
627
645
635
642
631
623
618
617
604
608
622
660
669
672
681
677
692
646
675
662
696
672
660
649
649
640
643
660
675
687
661
722
695
671
681
681
669
630
620
609
609
626
659
634
674
712
733
709
660
734
663
677
708
686
654
630
619
611
617
623
648
672
673
646
655
654
673
647
646
633
618
606
600
587
615
601
635
613
631
621
614
614
636
621
611
630
630
666
668
678
665
629
610
598
600
619
626
613
643
656
661
652
646
629
638
620
620
643
650
672
642
637
655
665
651
643
637
607
608
628
639
684
709
726
734
720
711
700
671
627
626
639
665
662
642
665
647
657
686
678
740
689
677
684
683
704
701
702
682
672
635
640
641
635
680
716
725
655
706
751
776
748
730
718
720
680
641
647
665
684
723
660
641
673
698
690
711
694
725
680
663
687
713
700
681
655
662
659
638
655
642
631
658
651
670
684
662
729
748
657
680
663
665
681
674
661
674
662
647
670
701
702
726
663
753
758
707
710
671
656
693
700
745
693
681
716
701
697
729
690
710
724
714
705
662
684
677
687
688
696
668
667
668
670
673
652
636
648
651
675
685
664
715
735
725
706
664
686
656
666
649
646
653
650
648
642
634
645
663
659
628
651
651
666
640
621
628
630
652
619
658
642
635
660
717
730
688
669
631
622
612
633
653
668
646
703
646
680
673
675
682
675
631
658
672
660
625
635
658
674
699
744
683
678
638
652
633
603
610
635
656
686
710
706
704
736
728
719
706
646
663
645
646
632
640
640
703
736
663
668
721
697
664
707
639
645
631
649
642
649
666
667
663
653
657
646
637
623
621
604
609
604
590
574
572
572
589
597
631
647
676
679
643
694
694
698
682
712
650
643
658
681
691
675
667
696
713
729
679
677
673
714
702
751
790
694
673
692
719
709
662
721
712
743
698
716
664
655
639
653
648
696
683
683
646
653
629
650
653
713
718
675
715
706
763
730
757
733
713
677
680
628
634
624
627
628
633
661
682
648
632
606
606
617
626
637
623
620
611
635
636
651
665
664
675
677
665
628
650
664
645
666
680
688
687
643
643
642
617
633
625
614
623
618
621
628
672
716
756
726
715
686
646
671
671
681
679
667
669
659
642
625
629
608
624
604
613
637
688
702
708
663
652
684
703
700
691
657
692
670
665
629
627
635
671
694
696
696
725
701
649
664
679
682
672
638
629
623
645
665
675
666
630
646
658
678
639
630
616
622
661
702
715
722
667
677
661
643
660
667
707
695
664
666
663
646
627
601
591
604
648
627
626
678
709
737
810
752
681
684
661
661
649
620
633
646
658
665
648
643
613
610
629
652
660
655
639
618
632
639
646
640
663
693
672
676
680
653
687
679
671
688
693
695
696
663
637
622
608
628
641
660
646
655
661
631
628
651
729
713
710
691
685
661
623
612
622
632
632
659
689
690
635
693
687
723
704
687
688
635
650
629
615
627
615
646
647
655
681
652
635
651
640
629
655
637
631
635
636
642
646
646
646
615
602
597
593
578
581
591
599
608
597
588
606
598
585
605
581
587
586
588
590
603
597
605
606
581
577
572
570
563
568
575
575
567
572
572
568
568
560
557
561
581
581
588
586
587
578
577
574
568
558
561
569
577
587
584
572
582
593
597
587
582
588
586
585
588
606
613
618
622
605
598
590
581
589
581
587
575
574
587
571
569
554
546
555
546
543
544
545
533
539
563
539
536
552
557
551
559
562
553
550
553
548
544
553
540
547
542
542
553
544
552
545
540
535
532
531
530
540
542
554
546
539
537
542
569
602
604
613
606
585
588
600
611
611
588
576
582
581
583
572
589
586
589
595
617
613
616
618
607
602
589
597
600
613
588
593
599
589
585
591
587
580
578
574
562
563
561
560
561
565
557
551
550
536
547
565
566
553
555
542
534
548
561
563
551
563
567
581
580
572
579
569
562
572
573
585
574
571
572
575
563
579
600
620
614
617
597
601
606
610
616
605
601
583
584
597
604
617
604
590
596
594
585
607
624
628
611
614
612
598
604
588
579
581
590
586
576
578
581
594
615
648
662
651
649
618
626
608
617
615
603
593
585
589
609
609
598
582
600
598
590
582
592
611
624
628
612
617
615
609
625
634
609
631
639
653
629
631
647
654
639
629
650
671
651
630
615
640
633
660
692
708
698
716
649
719
691
734
682
648
659
628
646
618
620
642
683
668
646
661
684
701
655
721
633
665
676
680
640
671
638
610
622
622
613
589
613
603
592
604
613
602
596
631
660
668
647
651
725
712
654
650
691
697
715
717
711
679
675
671
617
646
727
681
700
724
647
684
687
683
680
696
640
677
655
621
622
638
632
666
667
666
641
661
637
675
700
729
767
704
654
663
646
655
651
645
651
671
611
640
682
710
723
642
648
678
690
656
680
667
646
640
644
684
688
651
686
674
639
631
645
680
724
729
664
668
647
646
645
657
657
640
654
650
671
668
668
659
657
668
680
674
679
710
662
635
664
667
624
624
688
666
642
710
702
692
636
658
626
637
703
650
649
626
651
676
730
732
701
689
642
642
651
665
671
666
654
625
641
648
613
620
645
677
710
768
785
771
712
680
644
646
667
712
712
696
663
667
659
669
673
681
695
690
697
680
643
639
658
687
683
650
702
681
702
675
665
680
674
645
708
713
688
668
735
681
669
704
699
738
682
657
667
686
717
720
688
707
720
750
680
690
710
712
707
703
691
683
791
737
726
698
658
698
698
692
662
639
658
704
711
688
659
700
688
711
666
646
644
665
666
653
678
685
699
659
697
685
677
651
662
669
699
665
656
669
686
642
637
649
664
649
637
639
637
625
665
672
691
650
670
682
658
716
670
703
649
672
648
638
624
607
618
650
668
664
637
701
690
696
695
665
669
654
648
644
616
606
620
637
646
630
626
670
655
631
657
691
636
639
650
647
644
639
638
617
628
626
630
625
631
634
620
637
619
627
610
594
599
600
615
641
628
657
677
665
690
675
651
635
662
642
635
610
591
610
640
664
657
642
689
728
705
654
713
703
654
705
639
648
653
635
639
621
602
612
634
651
642
630
641
637
636
646
629
626
623
619
613
646
635
617
620
639
662
624
622
625
611
596
593
594
588
582
587
594
587
622
600
586
606
645
634
628
626
628
619
603
596
612
614
632
613
597
609
618
616
622
612
599
613
631
605
626
616
647
647
641
622
638
615
628
646
648
646
636
636
650
626
652
626
633
650
638
623
611
624
615
614
637
671
651
624
619
629
656
671
663
641
669
670
677
627
645
623
650
706
852
891
741
698
661
640
665
679
668
684
662
662
763
732
745
651
657
686
639
654
672
721
755
747
730
702
703
696
628
630
638
673
747
662
701
750
663
687
651
642
687
717
708
712
660
691
703
645
666
687
687
648
710
661
635
649
663
629
617
639
669
710
726
743
744
707
652
657
669
672
674
704
703
685
647
644
648
697
659
631
662
681
643
646
635
614
620
646
645
609
615
637
641
753
741
771
742
680
671
695
651
652
649
675
639
659
681
688
669
639
620
622
632
622
629
621
620
600
592
604
652
669
674
684
699
726
692
750
724
746
692
664
673
634
690
716
722
675
647
665
644
652
684
742
852
837
748
734
714
713
666
634
637
637
604
611
640
654
646
714
680
661
689
650
688
693
682
678
629
646
651
624
611
602
604
607
586
604
638
615
602
657
617
631
611
641
646
650
644
646
685
662
655
640
672
633
669
684
707
699
669
688
674
684
636
666
632
689
692
714
722
701
653
694
705
679
656
688
768
705
677
632
640
646
635
615
661
661
651
700
711
736
679
636
637
642
643
652
664
636
652
669
675
659
634
635
633
633
605
599
619
631
605
635
682
719
642
661
673
701
735
688
662
614
609
615
721
676
670
680
660
654
666
670
661
641
645
653
664
661
634
616
612
606
594
613
630
648
654
672
649
626
663
641
627
636
628
683
699
675
675
657
676
658
658
723
717
736
700
686
755
729
751
711
672
655
655
738
1080
954
854
730
697
684
675
694
660
677
699
711
733
694
700
648
652
664
705
697
664
641
631
604
586
584
621
649
688
699
645
865
1024
923
734
716
680
657
689
763
739
697
1005
929
905
837
703
711
783
826
707
940
902
851
778
721
683
691
725
722
683
649
678
661
838
673
713
805
746
728
824
719
722
682
643
668
651
631
657
684
661
658
691
693
705
659
675
681
708
710
728
748
700
703
699
687
676
724
709
727
734
742
720
705
700
719
678
686
663
650
668
644
708
799
785
746
750
691
659
646
629
646
706
709
704
741
680
702
771
824
836
717
732
751
789
732
695
668
656
669
768
887
899
729
706
720
709
664
704
743
809
690
737
718
657
663
662
767
866
792
730
823
682
732
739
718
692
649
644
642
624
635
672
663
666
639
660
652
652
648
646
623
640
659
724
676
664
638
660
670
650
670
671
667
649
632
621
605
606
641
689
720
660
1041
965
898
780
755
729
710
702
703
664
703
722
729
1047
770
705
731
795
780
687
738
719
704
764
726
766
720
678
646
647
627
646
632
724
664
653
667
705
682
662
640
639
628
598
596
589
579
584
582
595
597
595
590
573
574
589
591
580
596
609
615
618
609
617
625
635
633
620
628
631
630
644
641
649
671
679
696
667
670
699
714
687
662
642
638
642
676
740
685
654
703
710
718
701
709
701
730
695
711
679
672
646
678
674
664
668
663
668
668
690
685
688
648
668
649
672
702
679
709
710
708
677
679
681
687
688
674
674
660
659
682
719
731
719
732
731
704
670
729
710
730
720
739
718
689
674
728
768
730
782
774
735
716
781
754
703
672
691
729
1079
930
914
761
710
673
665
691
687
703
660
661
685
714
698
693
646
646
660
667
668
646
628
627
624
615
635
657
625
656
661
642
673
767
747
725
703
727
694
665
670
698
681
657
674
688
642
680
697
730
717
679
643
655
676
687
706
678
682
646
615
599
611
659
691
697
655
683
740
721
757
728
680
690
697
676
1324
636
647
655
647
630
650
646
664
684
689
655
665
642
645
649
658
642
623
639
623
613
633
642
643
632
630
634
626
637
625
610
618
616
625
648
640
677
642
652
654
636
616
629
605
616
624
622
625
646
644
659
691
653
644
639
674
677
638
681
663
642
637
648
659
635
648
653
688
662
697
645
666
669
756
727
786
694
669
636
617
605
616
623
649
633
653
705
708
739
781
770
723
718
688
682
663
649
639
617
594
581
605
632
615
646
628
636
629
621
619
602
581
578
570
569
587
578
589
584
570
565
555
547
553
544
548
550
566
563
563
550
556
552
552
552
553
553
560
560
560
565
563
563
555
550
558
551
559
556
550
554
542
547
532
534
539
546
538
540
536
536
543
537
537
538
547
546
550
560
582
571
578
577
571
570
577
575
569
568
568
563
567
571
566
571
576
568
577
581
569
579
581
586
596
601
598
588
594
583
577
582
588
578
586
591
604
598
598
593
591
598
611
605
600
598
606
601
598
602
604
610
609
612
614
618
606
595
604
598
604
595
597
605
604
584
609
613
620
636
642
667
672
646
649
659
622
614
600
586
584
594
585
597
603
605
586
633
650
635
633
623
636
625
641
645
642
654
659
632
629
628
623
634
631
627
642
658
655
639
651
655
623
641
637
644
646
645
618
629
646
676
659
640
662
626
609
609
655
694
714
736
725
731
719
659
671
677
684
673
665
662
723
656
713
671
670
625
629
625
617
673
702
700
675
814
790
719
773
717
747
688
681
690
691
655
651
657
675
643
657
639
658
654
648
662
682
679
679
648
692
692
683
664
688
703
693
684
684
705
688
716
693
659
648
661
648
625
624
664
671
685
664
681
705
680
648
649
676
675
663
654
697
692
665
716
731
764
724
716
689
744
693
671
725
704
746
785
718
674
730
721
727
707
654
702
676
679
675
649
731
669
800
751
768
691
719
691
676
733
682
670
735
710
690
656
717
687
667
689
660
640
629
642
639
664
699
778
662
856
734
773
818
846
798
725
709
690
690
707
669
742
717
822
892
768
715
807
781
757
1347
641
667
684
690
683
707
705
673
686
722
771
742
729
732
718
755
694
780
741
678
744
865
717
684
643
631
660
743
808
809
792
730
719
679
768
687
770
740
770
763
813
761
688
738
701
739
697
800
1100
960
743
716
655
643
636
653
946
685
804
822
694
738
837
834
768
711
691
704
736
694
669
679
670
693
687
667
664
672
701
711
693
672
659
659
666
687
727
671
755
666
751
700
696
656
651
696
779
1122
762
811
809
704
733
691
688
741
716
843
820
809
833
801
733
685
689
744
746
753
672
717
715
717
664
725
695
695
647
674
671
668
638
661
633
634
614
622
643
649
620
651
700
814
716
688
657
679
683
669
702
695
742
692
667
718
742
680
719
646
669
693
685
740
746
751
754
741
658
675
689
662
654
692
712
701
708
688
687
666
732
672
711
691
728
720
821
783
684
667
667
631
632
664
729
771
815
779
735
718
693
700
696
670
723
700
715
715
738
780
785
838
814
749
674
699
675
657
701
720
739
773
722
679
723
692
721
695
704
776
740
826
853
777
729
676
660
679
679
664
646
642
745
761
712
876
909
933
873
855
772
669
688
802
843
762
834
886
905
772
756
786
750
735
725
683
693
712
730
777
763
791
796
807
763
685
764
655
682
729
729
665
660
672
772
799
799
779
748
751
709
686
707
771
777
738
842
839
829
755
739
819
803
813
744
758
786
754
711
777
755
825
746
787
728
696
712
719
745
705
716
725
715
681
693
700
725
733
744
706
703
660
628
638
671
696
684
742
712
756
719
801
753
739
676
693
685
672
649
646
651
655
624
619
621
614
609
624
630
621
630
629
630
649
649
662
652
626
628
637
630
630
632
618
634
627
628
633
610
620
604
596
602
604
619
618
618
678
750
662
741
656
729
696
663
722
698
676
729
782
708
687
657
637
635
622
610
613
617
629
631
646
631
658
665
690
648
670
651
645
633
622
620
621
618
604
621
612
618
621
624
620
629
621
628
625
627
616
624
618
611
604
606
614
607
616
616
610
616
611
605
612
630
616
606
624
638
663
647
625
605
612
594
594
592
584
584
586
586
584
581
574
579
584
576
578
592
590
591
580
576
583
578
575
573
564
551
561
564
574
564
576
583
570
582
599
589
587
599
603
589
594
600
613
600
627
617
618
631
619
610
619
628
620
645
647
659
670
683
686
674
660
639
644
676
697
690
688
660
669
665
670
646
691
686
679
661
708
671
647
671
657
638
675
671
653
699
693
673
700
704
675
686
683
664
668
658
672
646
651
645
660
636
652
664
663
658
681
681
650
639
656
669
649
665
671
660
636
650
680
657
636
672
641
675
715
737
709
775
739
720
685
733
727
711
698
711
749
693
722
740
683
813
773
693
729
704
667
655
667
676
664
652
714
715
687
743
723
680
655
693
672
656
666
696
635
637
623
745
816
731
684
669
688
681
635
652
698
763
748
691
688
755
722
702
701
754
713
719
715
675
721
720
660
729
727
713
695
709
712
699
713
663
690
693
683
699
661
655
648
702
687
729
661
688
686
686
727
698
682
650
660
628
641
642
629
679
721
736
732
738
725
729
671
723
726
714
742
679
671
729
692
704
648
715
727
720
715
706
682
734
704
712
712
818
804
849
723
767
748
785
851
859
750
718
837
1054
722
667
643
716
735
771
701
679
743
813
760
748
704
760
747
771
738
719
656
679
689
740
693
848
824
920
780
719
730
725
705
665
734
722
696
807
754
781
704
770
746
726
666
718
716
826
701
764
865
812
738
756
746
771
718
677
679
680
645
660
731
818
732
802
770
760
737
675
694
646
724
647
668
721
703
650
684
651
629
612
607
610
616
596
575
608
657
648
648
608
613
613
591
594
593
614
626
651
646
632
621
611
591
586
614
652
695
697
693
739
872
1048
878
800
739
701
715
707
1428
751
742
725
708
736
762
828
799
735
709
714
676
670
661
642
662
673
680
652
681
718
667
767
719
713
661
669
658
644
665
721
979
986
749
688
688
656
702
690
702
813
699
752
827
802
703
723
682
688
677
648
687
733
728
720
709
717
673
660
680
760
692
666
689
750
727
816
761
829
757
786
744
737
697
707
792
1073
899
757
716
720
754
712
751
700
967
840
770
695
728
758
715
792
754
729
832
994
820
701
673
670
684
676
688
755
733
1033
899
829
820
789
779
764
759
689
654
682
659
724
1008
920
744
731
713
686
663
661
656
642
640
632
659
656
646
644
665
649
669
679
685
688
702
697
658
707
691
709
702
705
705
692
672
675
674
701
715
746
710
698
736
741
682
709
687
696
656
711
715
723
694
714
657
703
675
691
684
677
677
645
635
634
620
614
611
614
616
615
623
614
611
613
604
598
598
584
591
589
582
612
637
626
629
661
647
640
708
653
697
697
987
982
857
737
674
684
657
662
670
657
680
716
950
831
805
766
760
700
691
741
742
753
705
742
738
736
788
746
725
779
904
836
771
737
688
735
729
727
791
693
680
705
781
806
850
768
702
676
670
642
623
676
967
840
834
827
688
691
729
718
712
715
737
733
729
727
725
745
720
740
729
753
733
772
737
742
670
711
643
691
634
646
642
659
633
653
662
693
707
681
684
689
646
641
627
613
612
668
661
662
630
646
653
642
628
640
653
667
675
686
689
683
684
666
639
641
642
671
696
713
698
708
701
694
670
653
675
695
715
695
668
707
662
667
666
646
672
646
642
666
673
682
680
681
717
692
714
712
718
700
689
686
688
688
655
672
666
650
661
665
691
705
668
686
684
687
666
669
642
640
655
680
715
724
739
697
712
719
715
668
700
677
664
696
673
669
715
715
711
682
717
733
717
711
683
659
671
681
654
673
688
703
730
699
670
685
688
675
672
655
692
703
699
679
731
703
664
703
688
663
667
692
670
647
674
695
681
662
668
673
650
667
692
711
722
702
667
695
681
698
707
674
656
677
704
731
733
700
675
715
709
729
668
669
696
666
732
705
706
799
748
729
691
712
680
659
683
643
656
693
662
713
719
716
670
703
698
701
716
704
722
742
681
707
709
677
716
668
700
655
680
670
657
675
666
661
649
670
697
719
734
761
697
713
709
707
709
701
691
734
706
685
731
679
678
696
697
693
693
673
649
668
700
697
703
682
680
703
738
688
672
661
688
682
685
697
745
780
743
688
727
684
674
678
661
658
682
695
667
676
704
729
761
764
715
700
696
704
703
674
668
687
761
779
746
723
799
904
763
716
674
674
671
669
754
707
694
746
790
801
714
694
710
713
744
708
669
675
688
757
801
781
729
709
753
757
735
701
713
684
692
709
685
759
739
711
722
749
722
703
727
717
686
718
721
694
701
717
718
712
678
695
719
724
708
670
729
713
704
678
726
727
702
744
738
690
698
691
669
668
672
671
656
688
722
770
693
723
727
729
688
690
717
738
715
696
730
739
712
669
700
688
681
666
686
696
710
685
720
758
731
701
675
681
688
668
668
701
729
726
677
748
704
678
692
691
670
656
693
687
686
666
734
708
700
689
789
772
744
688
744
710
688
730
656
702
742
661
673
677
631
625
595
587
583
582
577
578
572
567
567
567
564
585
605
593
581
574
578
577
563
597
580
590
599
590
593
606
590
602
590
615
596
585
579
582
577
590
613
620
604
613
601
597
587
588
586
596
631
617
650
645
666
643
661
650
659
684
715
757
687
672
629
634
691
672
642
653
712
695
722
671
774
713
767
677
693
688
680
747
805
778
776
739
751
754
735
790
786
843
864
867
727
708
696
676
908
1003
812
769
802
819
829
811
777
740
734
682
693
676
666
650
724
731
681
713
691
699
711
721
713
756
848
807
845
828
714
763
761
726
768
821
787
730
772
759
791
784
771
722
677
714
689
646
653
693
686
689
669
718
709
727
706
677
663
646
666
642
650
656
668
675
674
661
659
635
635
612
642
649
668
684
684
664
723
736
810
801
841
773
728
700
727
691
704
696
679
657
665
725
700
729
676
729
706
685
662
678
669
646
667
672
642
650
696
704
679
658
632
635
659
695
718
703
704
688
654
662
690
669
695
685
675
734
944
834
754
754
700
729
774
737
725
846
765
704
678
669
697
750
720
684
747
690
739
719
687
708
729
736
778
725
705
710
717
732
719
686
738
811
724
707
704
676
665
646
657
640
659
691
805
783
736
715
659
662
691
675
709
765
797
734
920
858
771
803
720
816
878
808
761
726
688
718
729
734
736
883
823
723
906
735
783
742
728
706
721
743
694
707
736
754
742
728
732
695
660
662
672
664
673
720
688
729
665
694
675
695
725
792
688
744
1039
887
884
804
766
724
717
712
720
680
678
703
704
681
666
702
699
684
656
699
696
674
675
673
672
714
673
681
687
721
686
771
682
698
656
674
634
641
638
662
656
664
651
688
669
643
656
639
661
626
624
633
624
619
627
619
607
646
671
671
665
637
665
659
640
646
647
644
656
688
682
671
652
669
670
653
646
661
680
771
723
689
702
715
726
692
680
686
668
684
685
685
729
762
749
729
697
669
639
621
642
699
672
646
688
685
656
673
693
692
656
656
673
676
638
659
653
637
656
637
645
646
626
621
609
604
597
605
608
608
604
616
606
616
604
597
612
637
623
626
608
610
598
590
617
619
622
594
613
602
616
607
593
620
612
605
594
593
592
584
599
593
598
601
587
579
569
576
575
570
576
562
570
571
569
566
563
576
573
568
576
588
573
576
579
575
567
574
578
572
574
574
564
575
577
576
583
587
573
572
564
557
563
553
552
563
564
565
561
564
569
575
567
567
571
572
580
581
584
596
621
603
597
603
598
593
579
590
595
600
613
614
607
627
617
634
614
610
606
599
587
585
567
577
575
578
571
593
630
631
657
624
666
665
662
637
626
636
642
631
651
672
667
649
672
653
653
646
650
640
638
625
629
661
689
680
697
704
672
644
637
641
681
716
716
699
701
652
655
649
645
650
654
662
681
663
643
651
644
655
671
646
652
626
637
631
637
656
688
673
687
671
693
710
687
664
654
643
645
641
652
655
643
649
639
637
663
698
735
686
688
718
683
655
637
628
615
611
603
621
644
666
714
692
663
662
714
672
782
778
712
677
675
654
684
638
675
713
721
747
732
725
672
679
670
662
657
654
653
688
673
728
709
792
709
685
771
720
668
708
735
704
662
697
694
728
721
797
722
750
767
752
766
713
706
727
684
661
725
752
672
662
663
639
669
745
664
653
677
723
711
736
666
657
667
647
645
691
693
664
710
696
685
761
788
718
722
722
747
658
678
682
693
655
668
699
671
683
717
714
731
701
743
728
701
678
741
697
705
718
705
671
700
657
670
629
685
692
650
680
785
734
729
692
680
687
682
658
636
653
665
650
664
672
668
675
676
675
654
663
676
666
712
679
665
704
670
670
697
693
684
682
691
701
689
663
705
750
705
711
732
701
676
710
665
686
677
664
695
743
745
695
672
685
656
630
631
642
644
639
663
675
687
698
668
721
708
709
667
720
703
674
669
701
708
709
695
782
796
725
721
750
713
697
716
674
655
713
674
655
616
635
630
619
643
634
616
626
628
613
634
637
642
619
629
647
674
676
672
631
639
618
645
648
633
609
641
637
629
653
658
638
679
686
685
651
677
664
686
660
706
655
658
645
646
669
690
707
766
768
783
753
786
709
715
754
768
719
1072
771
810
730
774
772
945
888
928
947
813
782
807
724
788
781
802
1104
996
956
939
831
815
786
793
845
930
890
774
840
972
848
900
855
818
854
869
828
865
743
783
814
741
1025
784
807
839
715
771
784
739
937
920
781
820
887
801
799
848
876
871
802
800
820
889
868
863
796
770
771
708
1081
947
928
937
870
921
887
867
897
919
780
877
1001
813
761
793
862
790
930
964
896
834
863
847
746
745
753
761
719
734
1051
843
729
768
786
704
883
840
733
858
834
712
728
778
900
814
832
859
794
823
858
758
781
837
808
755
770
817
730
723
771
797
733
712
1055
997
837
807
793
761
710
774
786
745
778
844
768
839
897
853
726
748
787
832
749
920
1034
833
860
850
757
718
740
823
732
842
1073
873
774
803
789
724
761
902
741
927
818
739
783
800
880
716
766
739
677
751
764
792
719
853
828
797
894
880
752
760
760
720
763
1065
920
938
890
880
775
735
695
747
743
724
687
1090
897
867
807
725
729
744
810
707
760
774
771
722
779
956
839
744
799
753
758
794
1060
773
791
793
812
760
995
895
712
652
683
1030
952
874
754
671
664
693
711
684
667
650
671
685
711
727
732
701
917
793
751
823
796
835
714
744
732
722
731
675
675
751
904
936
891
835
737
764
794
819
816
823
732
752
813
840
796
720
860
903
732
689
724
683
701
1126
979
949
968
953
882
788
825
927
1003
837
813
862
868
790
874
1075
910
837
864
897
758
812
895
861
961
983
815
876
877
904
801
908
994
1004
820
927
1001
885
749
809
967
806
765
873
961
792
847
1007
792
795
882
1033
1005
950
957
930
751
779
860
897
768
769
1078
962
892
825
773
694
713
719
693
739
798
722
830
799
762
706
771
793
782
761
704
799
742
728
795
745
728
712
763
729
704
743
791
828
749
1012
921
744
724
771
780
730
699
831
1087
883
832
803
718
766
787
724
715
846
923
776
776
767
728
731
791
766
718
1062
947
769
786
819
712
698
771
738
667
673
709
743
743
796
816
802
745
669
661
629
663
795
756
748
799
807
797
818
854
805
757
698
787
876
711
876
778
719
1054
737
802
827
728
838
1073
815
906
938
857
782
813
824
884
881
824
823
872
829
764
776
834
856
795
754
803
748
726
894
782
706
741
736
727
994
816
846
854
821
781
790
727
709
752
727
813
839
807
725
762
739
774
716
769
735
713
756
740
685
1048
754
770
820
808
739
775
831
862
705
761
688
785
807
747
709
748
738
777
766
706
820
695
820
844
749
708
671
722
662
685
703
736
724
676
660
671
754
758
735
787
787
813
793
710
704
754
679
754
760
1042
796
771
832
864
931
944
858
878
932
851
747
797
851
770
815
871
877
1032
954
767
775
799
719
786
979
803
880
983
919
813
835
778
789
756
758
757
1096
982
914
846
812
875
784
982
953
894
753
771
863
854
777
806
922
905
802
811
814
816
744
776
835
812
778
798
811
738
755
813
799
768
812
790
761
699
743
717
676
794
813
738
812
816
759
809
787
794
736
701
727
733
672
762
718
698
719
850
1015
838
729
659
652
638
621
608
598
590
578
577
573
566
564
560
561
563
563
567
557
556
555
548
549
544
541
544
560
573
581
586
604
612
624
609
615
664
682
661
641
651
640
671
664
681
657
649
637
632
634
617
621
662
638
645
648
686
723
696
775
743
742
836
797
786
745
705
706
733
695
709
792
785
817
807
705
677
683
748
712
738
662
674
655
648
638
655
647
625
635
623
625
660
644
765
767
743
933
729
772
750
748
719
979
909
862
821
794
827
841
864
813
840
864
831
753
788
696
812
727
682
706
748
707
787
811
807
783
799
799
805
879
988
985
997
966
973
913
803
709
718
731
704
854
1056
735
763
685
722
767
797
771
698
704
695
704
718
759
782
789
788
803
817
759
716
719
749
742
707
770
728
680
722
684
727
781
691
669
659
650
647
629
675
693
706
662
697
674
720
741
745
715
779
697
855
862
791
808
752
886
762
945
957
912
856
787
873
821
879
898
985
992
896
836
826
826
800
905
791
855
735
783
734
729
822
702
884
738
756
771
765
728
888
820
1008
949
934
888
836
818
829
802
711
716
864
805
830
702
778
703
707
698
717
1070
979
786
821
804
828
833
774
711
748
711
936
799
872
1052
966
836
798
851
866
839
841
743
750
841
702
793
1096
1001
881
755
813
753
714
726
669
708
704
702
737
716
896
746
767
751
746
703
729
740
708
730
706
686
740
735
729
714
711
692
705
695
714
727
725
663
691
773
744
713
762
711
691
697
688
689
677
675
698
692
676
682
673
668
675
674
667
639
635
633
638
610
601
598
601
588
595
586
626
644
618
646
659
672
644
668
644
623
632
634
651
623
665
699
710
702
680
734
691
673
722
662
728
728
663
736
749
688
676
647
663
650
697
647
673
676
669
666
661
667
664
659
722
686
729
686
652
666
652
646
627
634
627
628
632
631
639
620
646
622
630
640
651
640
618
613
609
616
603
618
603
606
612
609
596
616
631
604
615
631
630
616
631
637
625
642
631
609
625
613
613
618
628
639
646
628
632
625
627
632
633
631
640
631
644
650
662
650
642
646
637
661
665
665
674
689
665
698
695
661
686
697
668
663
683
648
645
681
697
662
728
716
676
689
720
695
688
759
708
736
689
717
662
694
658
683
675
651
706
725
684
829
803
750
731
696
659
664
655
656
699
923
714
758
698
717
768
821
748
785
853
712
686
795
877
779
793
800
691
731
763
882
808
703
731
682
729
729
741
1055
967
833
828
804
841
827
755
714
711
747
796
789
712
752
717
736
737
716
720
682
668
695
692
712
732
723
695
755
745
741
685
708
692
678
685
760
785
746
716
764
1063
946
850
820
793
809
725
726
777
675
773
704
716
799
753
806
808
723
755
709
714
738
776
779
770
854
882
730
805
828
854
906
778
876
723
826
741
865
1016
982
967
938
932
876
900
852
956
902
813
891
850
790
795
748
737
765
820
748
771
798
850
1049
833
775
835
766
767
885
961
981
838
773
750
705
710
725
701
743
700
785
767
738
699
749
733
758
706
729
777
730
808
802
728
829
737
813
708
650
635
635
679
986
938
803
697
723
713
708
753
769
702
847
822
853
755
694
674
632
652
707
662
646
636
670
730
705
783
724
730
709
771
674
726
749
802
847
736
688
735
687
687
704
716
698
743
744
743
734
797
706
765
733
784
767
770
811
844
852
877
835
721
745
765
750
780
1122
888
821
806
751
761
817
816
795
921
919
878
833
823
829
835
765
750
808
740
789
841
809
835
734
868
772
760
757
905
873
916
999
771
879
906
784
771
773
833
755
771
840
854
742
774
803
748
744
836
828
741
767
843
705
865
808
801
722
802
803
822
792
720
752
762
794
813
722
800
710
746
731
715
707
737
766
717
760
779
788
746
716
723
733
743
862
728
705
680
653
703
688
661
672
663
729
681
704
660
655
666
726
729
738
747
738
739
757
712
695
665
713
700
681
648
644
633
624
649
709
735
813
812
857
812
809
698
765
722
681
860
715
1005
908
813
767
833
911
886
838
771
840
894
988
962
947
804
770
757
771
728
722
982
977
828
856
895
917
819
783
763
726
832
891
998
851
905
724
692
790
777
786
736
730
702
674
663
672
691
673
690
720
756
778
768
799
757
773
696
769
756
785
794
704
790
736
719
788
801
728
986
910
830
735
768
775
779
759
858
970
987
911
859
843
775
781
821
847
773
817
732
778
772
691
713
726
697
707
745
827
803
721
834
826
806
758
841
955
1001
788
813
704
733
690
746
819
915
814
800
788
762
735
771
751
775
777
772
731
896
821
774
832
798
741
773
804
967
740
794
787
688
968
850
772
906
919
787
794
779
738
712
708
716
708
704
772
756
736
737
791
727
705
686
703
729
711
1065
967
796
845
766
781
787
771
708
722
732
695
752
846
798
767
894
877
787
749
785
892
834
846
849
852
781
840
801
714
754
801
767
694
703
688
1012
853
758
775
803
778
748
762
803
817
786
846
988
857
743
764
796
868
759
1035
839
849
879
761
818
850
746
768
861
790
727
791
841
766
737
771
729
715
757
740
735
823
805
725
751
734
729
757
750
695
795
756
878
782
720
791
761
684
685
672
684
690
680
636
629
635
618
606
598
604
599
612
612
609
603
583
572
576
561
566
594
601
583
596
630
635
658
708
689
654
692
773
743
841
830
824
742
695
691
640
668
667
771
1086
795
927
899
858
834
815
818
867
951
926
790
864
968
755
790
719
791
839
874
1011
996
945
819
748
781
800
720
771
716
717
748
1077
896
804
746
748
786
815
802
772
715
663
666
637
633
629
619
711
784
734
760
777
752
744
688
666
686
782
864
816
747
752
728
768
790
719
769
794
795
854
768
701
705
694
675
730
847
953
886
746
712
689
752
786
723
756
716
760
732
760
759
787
735
683
729
722
759
757
767
739
710
696
682
764
860
892
859
868
814
754
664
672
693
722
744
724
711
672
708
667
696
730
703
668
669
665
656
645
629
627
642
639
683
676
704
727
738
810
704
925
818
801
896
761
740
829
822
802
785
783
968
811
870
772
747
780
688
769
824
975
783
912
830
741
721
757
725
717
677
675
655
684
685
705
658
692
668
698
700
671
655
633
630
640
640
647
634
643
648
633
629
626
613
644
669
684
662
687
663
658
666
668
672
693
717
724
723
694
671
679
662
670
693
724
729
729
706
768
751
730
693
704
710
720
674
676
667
670
675
666
687
720
679
651
674
674
674
693
690
658
650
655
635
646
670
689
669
707
805
744
752
686
695
734
712
683
709
743
718
741
720
693
664
654
679
707
708
706
680
703
697
722
738
697
691
699
720
682
679
688
693
697
686
678
689
724
747
802
852
803
715
729
744
732
724
690
729
687
765
784
758
720
729
709
703
664
688
679
664
684
799
753
704
908
769
713
711
665
648
665
667
687
695
683
684
696
698
692
711
702
711
737
693
693
672
702
681
653
644
643
634
612
645
628
636
624
613
655
708
687
716
698
720
661
673
665
652
679
749
748
751
861
810
797
771
817
704
708
711
729
771
835
776
830
848
729
734
876
832
805
764
711
649
651
684
708
759
743
807
788
766
684
741
745
689
745
749
725
682
670
684
697
793
687
846
765
780
747
1034
778
725
714
838
857
712
686
684
652
733
790
719
862
691
760
694
683
673
680
689
698
661
675
691
676
664
651
656
644
652
640
640
642
628
627
630
635
617
630
640
655
612
618
624
647
622
655
656
636
670
678
644
711
669
643
668
654
630
633
667
637
638
641
627
625
642
636
632
641
641
628
644
648
646
630
635
633
645
623
651
661
664
671
691
658
670
688
671
664
706
673
677
714
713
681
704
687
686
681
688
696
694
703
756
773
708
755
704
678
699
686
702
746
749
701
742
741
752
724
739
745
675
706
700
678
700
688
706
708
719
693
707
689
672
659
673
669
652
674
672
662
687
643
703
742
783
753
818
823
729
782
736
708
705
762
916
776
1065
838
735
737
708
697
903
975
789
854
873
867
814
756
754
707
824
705
916
1010
840
828
831
794
731
764
760
681
660
655
648
794
806
790
712
766
799
782
744
734
699
707
722
752
763
779
759
747
736
848
784
719
777
760
719
723
780
799
754
700
934
841
732
711
802
813
729
841
831
736
677
692
688
664
714
732
711
706
807
754
745
937
760
713
724
738
875
1075
771
769
773
708
1082
923
917
788
769
791
838
809
804
786
711
737
737
685
748
791
843
732
808
766
816
725
819
1091
995
755
736
776
744
709
779
1106
1001
884
759
688
702
714
689
688
685
700
808
849
759
1018
879
845
754
774
696
747
679
722
704
807
1073
896
738
788
813
824
828
772
703
719
780
730
717
710
745
744
779
747
729
717
717
698
702
705
675
733
746
700
695
700
726
684
747
769
809
708
771
697
688
715
681
656
688
658
669
676
675
663
638
646
680
690
690
721
739
747
707
715
718
743
718
698
700
838
903
808
699
749
769
808
693
765
750
719
720
773
742
761
1062
964
843
823
876
964
995
932
850
893
928
809
889
811
881
930
873
748
786
783
751
699
820
1104
947
846
848
825
765
770
774
787
726
913
749
693
725
741
706
669
686
735
738
698
823
806
773
747
726
705
676
710
694
677
731
686
659
653
642
645
715
679
657
688
688
699
695
684
704
732
750
829
739
918
832
979
734
794
729
707
747
722
753
862
781
719
786
810
737
697
727
693
751
739
700
726
739
689
725
789
720
740
755
712
743
746
747
763
739
686
702
660
683
690
675
643
658
648
641
618
615
619
645
654
697
677
651
709
685
761
742
805
753
769
715
685
647
669
688
695
694
663
671
747
763
895
943
880
767
823
820
750
831
751
875
949
767
794
752
754
819
923
909
907
801
831
819
840
854
868
853
847
833
857
863
891
810
741
794
738
728
890
732
771
758
723
841
862
802
869
879
814
813
824
769
817
895
950
845
863
835
740
776
830
791
796
803
785
806
799
815
772
789
818
838
795
831
836
845
848
788
864
904
847
761
833
858
834
756
830
795
780
894
815
765
748
694
729
735
767
816
835
747
783
793
794
771
789
764
748
748
796
977
1021
863
851
832
845
831
764
817
866
798
758
821
724
792
906
851
789
854
893
760
805
854
768
846
1018
863
804
801
777
721
741
771
708
718
832
1110
848
856
898
835
770
782
815
870
830
793
838
854
788
828
855
764
713
750
830
781
751
1095
985
800
789
735
798
1012
819
799
824
764
1087
996
921
998
889
783
832
815
795
737
788
916
928
801
845
862
840
771
815
814
750
842
958
890
883
916
809
738
733
705
668
646
648
964
937
939
914
838
761
768
774
759
761
768
771
789
783
884
809
843
821
852
804
757
729
839
720
801
1035
731
875
830
734
1078
974
867
832
870
822
793
806
751
742
795
833
787
846
854
757
776
812
828
817
826
828
755
772
825
856
856
747
804
855
775
735
797
749
745
908
819
747
821
790
733
800
858
861
774
850
832
757
788
777
762
727
797
852
885
766
837
824
826
715
777
792
830
726
840
828
758
776
837
729
735
812
780
718
821
1050
890
779
804
841
793
863
891
872
763
778
768
794
762
924
1065
844
830
801
757
723
826
789
705
777
768
719
896
923
816
824
840
845
750
770
829
757
740
819
882
764
741
807
774
742
781
870
720
774
735
712
775
853
792
829
796
802
753
750
777
838
783
759
888
886
797
783
814
753
702
739
716
757
1087
787
818
838
764
768
785
767
754
857
902
768
792
810
769
741
791
794
725
757
757
710
755
703
689
664
650
685
711
721
697
683
700
667
650
652
646
691
659
641
639
619
612
605
613
631
612
614
606
599
586
570
554
544
536
529
532
554
571
597
615
601
608
694
967
962
954
993
720
747
1008
739
648
645
624
641
688
730
690
671
699
693
664
675
663
771
697
768
867
872
775
788
730
717
733
813
810
831
713
789
907
886
895
902
874
765
830
771
781
768
813
1150
948
831
731
743
756
757
815
757
728
1110
1007
852
784
810
759
887
934
892
860
854
829
749
716
711
750
703
677
694
678
776
931
793
723
685
660
669
724
715
728
688
795
755
688
736
787
861
706
751
883
728
753
723
759
721
762
729
733
692
702
710
663
691
638
658
665
690
642
648
658
669
635
637
657
732
747
688
721
679
684
686
643
641
658
658
616
619
635
668
663
702
677
660
719
713
745
737
761
734
766
672
730
747
708
721
798
694
864
923
854
755
704
769
776
744
775
796
816
881
723
752
812
876
1008
1041
809
797
747
919
838
915
1092
974
852
816
1108
1012
1003
993
988
944
875
802
818
827
777
1100
1021
989
969
903
755
786
729
737
1133
1034
997
973
909
844
748
827
931
974
922
789
823
872
885
729
757
795
737
715
836
755
1063
861
865
869
880
815
793
840
855
854
859
849
900
900
877
810
811
846
828
767
843
808
723
828
817
708
825
801
725
826
857
770
769
943
808
716
808
876
881
768
801
840
907
944
1040
1000
860
854
847
845
766
762
834
766
743
1107
905
784
872
823
726
765
836
714
1051
861
764
798
858
771
743
774
800
765
829
826
786
852
778
766
852
745
884
873
818
844
877
809
743
769
770
794
750
724
1081
979
848
798
789
748
753
840
940
841
902
958
790
744
745
750
698
981
1114
909
987
915
768
786
771
767
736
830
899
953
814
826
834
817
756
793
829
763
730
777
703
803
759
711
1074
990
827
696
710
747
761
752
841
790
706
670
661
694
720
780
763
793
736
692
674
647
633
668
689
696
740
753
796
833
816
787
779
767
836
765
716
722
1107
932
857
775
749
859
750
814
825
733
771
960
844
844
893
815
910
918
904
860
791
842
836
862
851
822
812
822
771
786
803
762
721
939
779
785
849
741
739
869
747
789
806
729
806
852
851
739
774
807
767
762
877
907
899
800
802
811
778
774
762
895
1032
822
848
872
809
766
827
930
808
814
891
874
767
797
776
719
790
841
757
721
778
763
735
729
844
854
761
781
818
745
712
801
817
854
732
889
797
728
732
1071
994
911
784
784
752
778
830
913
800
873
907
772
797
834
845
744
756
843
857
829
942
1060
870
789
826
837
754
758
808
896
779
931
933
796
811
807
783
729
799
948
877
770
722
681
676
655
801
807
731
668
674
685
680
655
660
690
682
649
635
608
585
593
587
577
570
605
632
658
618
614
599
587
595
586
1175
574
582
619
600
595
580
600
611
642
647
635
635
624
540
671
615
609
617
611
603
604
586
583
577
583
621
618
636
623
650
654
639
614
638
688
694
713
666
660
701
708
638
690
701
764
797
730
903
975
797
678
676
828
942
1008
929
705
688
797
722
687
792
836
765
764
688
686
668
775
1012
969
841
822
692
693
1063
1018
979
863
684
729
666
710
729
752
769
791
752
773
674
679
679
725
792
707
745
646
648
662
661
771
1130
1004
997
926
730
653
658
751
1097
1010
967
836
758
898
892
848
771
667
691
666
721
1105
1030
939
971
978
925
776
658
664
694
645
671
724
869
938
784
766
688
662
653
695
808
745
777
701
731
703
714
698
676
743
724
765
730
727
726
686
695
641
672
662
721
729
730
746
724
709
1061
842
784
688
692
815
1023
996
872
748
668
699
998
932
871
796
752
732
743
746
773
776
665
677
699
773
846
854
713
805
740
687
683
758
745
724
910
968
909
835
717
728
812
805
703
675
791
832
700
730
818
1023
928
789
688
644
642
706
724
689
745
866
880
741
734
710
692
831
880
690
707
795
847
830
750
772
827
979
1003
963
777
761
693
1098
1002
1005
1008
980
855
838
829
837
801
956
893
867
813
957
986
881
753
667
684
753
1071
1008
939
856
789
793
709
753
759
688
717
773
726
743
784
838
882
915
887
837
805
799
807
719
732
842
868
764
711
858
1017
791
790
886
988
921
854
872
822
808
958
893
795
851
815
780
721
679
669
645
646
639
622
630
688
770
772
734
791
710
702
691
685
722
733
766
722
758
726
689
777
776
793
740
683
713
766
721
1031
992
806
819
946
959
1031
802
735
719
682
717
706
835
1127
1022
993
950
840
791
717
748
725
902
756
1051
771
801
754
762
895
954
779
779
729
719
697
680
666
674
691
753
772
698
759
679
702
709
682
723
697
761
752
747
686
667
648
646
659
691
658
687
729
737
728
708
737
687
675
649
647
661
663
650
657
672
677
680
661
675
696
724
740
692
679
658
651
633
633
680
656
645
641
657
634
643
631
619
614
637
654
647
653
668
686
688
717
703
716
712
746
731
729
712
703
686
690
749
681
713
680
680
695
681
678
688
717
724
669
662
639
638
680
717
721
806
827
729
681
668
640
617
605
608
621
623
623
667
728
732
750
754
746
723
707
659
667
675
686
678
741
770
892
779
769
713
676
676
705
694
744
1118
1007
973
821
768
755
710
725
737
930
882
945
788
803
807
745
738
726
763
779
724
752
712
745
793
845
763
727
745
763
753
737
739
740
699
729
729
711
741
743
694
669
648
643
625
654
668
701
675
663
716
758
731
729
720
791
776
791
754
745
741
732
693
730
688
762
716
747
894
800
824
734
691
688
671
667
680
730
724
768
883
840
796
713
755
722
754
848
742
754
742
709
719
744
752
744
805
743
764
710
745
779
796
756
703
737
705
696
709
718
717
719
712
728
719
703
733
707
745
712
684
696
699
705
705
714
709
738
724
702
738
735
710
705
707
688
714
774
819
768
742
797
714
724
709
674
682
701
759
809
737
850
829
837
832
796
715
691
703
755
787
746
757
740
738
749
744
693
757
768
757
699
831
770
774
741
733
697
731
713
706
722
730
741
722
711
777
803
844
783
745
749
791
844
705
723
836
766
791
752
753
726
802
828
753
801
755
786
775
760
725
774
722
937
764
883
772
881
743
804
809
795
736
760
847
750
812
796
782
742
818
807
728
677
653
626
603
593
586
651
688
696
659
683
691
766
684
685
685
654
646
646
645
674
672
713
687
728
704
761
675
702
694
696
678
705
695
675
672
699
686
688
681
680
696
671
677
665
676
700
691
667
715
704
711
670
696
671
663
666
652
676
669
673
688
676
665
680
663
645
654
640
629
629
626
624
627
619
609
607
611
608
616
620
612
630
622
615
626
619
606
608
607
595
609
616
630
638
612
647
638
645
641
657
632
633
636
630
627
629
640
640
653
673
668
688
695
687
673
705
684
671
678
717
680
693
721
680
701
701
694
661
690
703
668
695
747
682
728
703
688
707
718
729
687
701
678
646
646
665
670
642
716
736
698
733
738
828
760
784
723
751
700
720
759
725
756
830
733
771
755
706
704
682
679
671
699
705
724
740
770
749
716
682
736
760
755
807
810
760
687
768
727
751
1124
896
794
754
763
744
714
697
712
697
750
779
776
791
885
729
705
782
687
906
842
802
853
795
773
775
791
814
771
784
843
817
763
788
711
789
830
851
828
775
729
792
734
725
783
738
765
756
752
714
776
780
771
778
781
705
673
714
731
684
743
1095
995
830
770
757
759
767
814
737
950
1036
774
791
809
787
766
714
677
695
682
666
666
658
638
659
703
735
720
771
793
782
935
860
764
783
760
757
778
802
699
734
857
777
761
937
917
891
775
754
772
700
837
887
889
823
747
785
856
779
749
757
762
700
663
684
682
651
660
637
636
630
616
616
619
674
669
659
688
707
698
717
687
687
737
818
698
781
766
690
746
783
731
753
829
729
765
769
780
778
819
1093
988
858
765
778
931
920
914
798
809
833
862
769
790
772
696
800
805
747
1118
992
775
799
790
708
780
847
729
999
944
800
797
777
748
720
761
710
747
769
755
750
741
797
764
801
741
778
717
722
736
691
766
775
763
771
822
840
710
725
685
680
716
684
670
699
668
692
682
677
701
703
675
735
832
824
832
794
787
698
719
672
688
728
761
797
761
824
687
672
657
638
663
653
631
620
621
621
618
612
599
598
595
633
642
646
650
646
642
628
627
612
604
625
655
663
694
687
653
686
686
682
692
700
865
835
852
866
854
840