4611
676
677
668
686
1423
1626
392
794
5707
2187
772
773
740
740
725
700
711
695
688
678
655
643
636
627
616
601
601
599
596
587
604
405
849
648
662
697
690
693
677
655
661
683
681
724
704
694
647
628
631
327
1027
2543
652
650
718
737
751
725
749
758
713
700
697
711
703
726
724
699
731
758
737
710
708
688
688
700
699
674
702
731
735
781
853
866
811
846
865
839
797
800
817
802
809
856
878
882
939
914
904
919
902
862
913
918
874
888
899
907
905
951
946
907
935
910
852
843
902
933
930
905
944
939
870
881
900
892
876
915
919
872
917
933
884
891
899
846
764
727
744
825
828
797
839
870
812
843
854
872
854
818
800
789
807
813
798
813
810
764
784
772
773
808
824
831
830
849
881
880
808
788
796
762
802
781
763
771
798
827
822
880
896
882
788
839
831
825
833
820
815
817
796
774
834
884
917
887
809
775
834
889
904
884
870
846
831
812
792
784
772
770
766
763
749
757
764
749
762
778
777
770
774
796
798
790
794
795
810
424
395
811
798
785
768
743
739
739
734
737
1562
618
706
396
292
265
407
675
657
639
613
610
612
616
621
622
604
587
590
604
627
671
684
719
742
773
796
768
755
756
404
367
779
779
762
729
726
733
759
743
748
755
744
729
710
707
701
691
713
729
741
742
768
767
754
773
786
777
783
792
791
771
786
771
742
753
761
758
785
808
795
808
819
805
798
796
799
783
809
825
813
833
871
862
830
864
853
800
824
842
814
822
845
853
827
857
852
810
813
826
844
806
815
819
799
818
825
833
820
834
833
813
826
833
829
780
795
803
775
778
798
799
780
735
722
742
762
795
822
803
757
766
753
751
759
781
804
803
830
834
848
837
841
868
878
861
847
859
854
843
867
877
858
874
885
872
858
846
836
835
825
822
808
809
796
775
762
757
741
766
765
771
756
738
745
726
730
719
709
707
704
685
667
666
657
646
655
674
704
713
754
781
784
776
808
821
824
792
794
795
750
729
734
737
736
757
789
790
769
787
803
810
788
733
699
679
725
757
840
883
873
807
778
790
795
776
804
802
784
813
830
839
787
833
848
795
816
841
839
818
845
863
814
838
871
883
836
854
884
901
866
897
879
819
845
860
839
872
897
896
902
907
854
874
865
835
848
879
891
851
892
900
899
864
871
844
836
791
801
812
801
810
868
863
803
761
729
698
706
717
724
785
819
832
796
827
799
758
734
742
732
786
816
825
802
821
832
823
811
772
806
831
876
844
883
905
880
868
864
840
782
793
1605
800
837
869
844
878
879
829
840
833
807
789
755
780
779
804
809
826
856
871
864
825
853
857
835
793
824
836
825
820
846
857
830
854
854
824
846
842
845
828
848
852
829
852
813
764
783
771
746
714
668
681
782
828
794
745
760
761
778
786
815
813
779
749
753
746
739
722
754
780
786
837
846
867
825
828
806
799
765
774
798
828
843
867
912
904
884
871
871
833
776
795
799
793
788
818
814
847
867
846
871
880
868
830
852
833
817
828
821
822
785
809
800
824
861
871
846
898
925
908
914
904
898
882
889
875
861
831
858
872
871
853
903
896
856
819
839
838
811
812
821
828
819
827
837
852
837
875
869
810
828
828
804
764
783
790
817
838
851
852
852
849
816
841
855
866
832
778
734
710
781
855
924
866
861
897
886
857
785
735
738
736
755
755
757
811
848
873
833
823
833
820
834
836
840
823
807
763
754
745
746
731
765
799
798
813
813
762
797
802
784
769
791
802
800
788
809
805
774
755
774
797
806
814
799
755
764
787
809
820
797
778
804
804
810
801
792
755
742
756
778
796
756
743
759
728
749
760
754
733
753
788
792
806
781
769
778
781
758
780
789
794
799
794
791
745
753
732
723
737
752
800
840
845
867
878
852
843
848
846
824
809
766
781
823
833
836
860
861
860
857
860
848
781
761
772
795
786
746
768
809
842
853
841
830
813
819
801
789
780
790
809
813
822
820
812
842
846
837
837
831
825
822
775
756
758
748
736
778
799
832
843
817
777
752
749
741
781
795
821
830
799
829
822
820
805
768
785
787
779
793
818
817
829
821
783
748
745
749
756
718
723
770
829
884
916
939
953
956
952
934
879
847
829
812
816
835
879
917
902
919
896
843
855
866
864
785
781
789
807
829
838
819
840
843
838
812
821
812
761
779
799
830
841
847
826
807
750
749
750
783
763
758
799
845
875
878
850
793
809
799
795
784
762
740
755
796
742
753
724
722
742
792
800
783
799
791
778
788
787
773
796
810
832
840
844
828
854
863
884
858
831
860
874
875
878
888
878
885
888
876
869
873
886
872
846
888
893
872
872
881
861
838
804
824
842
846
870
886
895
896
900
856
870
901
893
864
884
879
846
806
819
857
892
859
850
813
757
759
753
792
807
813
817
794
791
791
785
780
824
843
849
851
835
803
790
764
739
743
770
759
732
718
752
788
804
833
830
830
804
801
793
775
783
785
775
796
814
827
826
789
798
793
748
750
756
751
743
780
790
804
799
820
834
826
833
811
801
795
787
763
735
738
754
772
775
742
719
725
733
740
753
751
731
731
697
698
723
726
765
789
799
785
805
807
778
785
740
718
739
769
808
804
832
848
827
843
803
807
807
830
866
879
883
858
842
849
856
872
880
877
900
889
869
906
895
887
876
848
859
861
843
878
890
905
870
878
879
827
844
864
820
813
788
795
837
863
873
842
806
770
775
788
806
813
812
793
789
805
813
828
852
864
886
894
901
888
842
873
864
834
821
826
845
872
888
879
886
831
835
860
872
863
846
809
817
826
849
856
831
869
894
907
918
923
923
922
897
853
868
875
886
909
888
906
913
913
878
920
926
930
894
896
890
893
868
863
865
863
854
861
884
890
871
897
915
895
874
891
902
870
855
873
873
867
848
881
911
902
896
896
859
832
845
849
836
861
860
824
843
847
851
823
850
860
850
820
839
807
767
786
785
765
803
831
845
841
818
842
853
833
832
863
857
831
806
832
854
849
806
829
829
832
820
779
751
771
787
829
860
888
871
802
801
809
834
838
891
902
904
914
911
896
898
887
860
845
856
858
867
876
843
819
864
894
904
907
848
854
874
887
872
815
794
820
817
840
850
849
853
790
786
793
797
808
814
759
766
775
793
819
832
799
747
771
800
818
828
813
814
798
789
801
803
822
831
813
804
824
847
855
861
880
889
893
892
888
882
885
866
883
882
891
902
893
903
888
866
894
929
924
855
832
837
844
831
829
822
754
764
791
825
835
844
834
779
788
771
775
785
803
791
781
810
806
805
768
782
794
799
802
818
816
814
813
803
796
800
792
760
747
752
745
766
801
809
803
809
813
798
799
794
792
757
750
753
748
749
758
750
733
744
739
743
728
718
720
711
716
726
732
735
687
678
692
693
722
758
795
798
805
786
798
804
792
797
795
789
803
806
817
772
763
767
797
815
819
802
775
776
786
792
775
792
813
841
843
807
805
808
790
747
743
742
752
784
796
785
810
822
820
793
750
716
722
744
764
757
727
736
767
798
806
801
805
808
828
828
816
821
825
837
818
842
855
842
842
854
828
852
823
838
873
881
902
890
899
871
863
851
808
798
759
742
780
810
792
813
838
841
839
798
768
766
777
791
797
828
853
824
794
811
816
825
835
851
839
803
822
827
803
816
839
840
842
873
888
895
864
813
829
812
804
818
829
842
837
839
842
827
830
834
799
778
778
788
810
814
803
770
787
810
825
808
801
807
798
789
805
804
810
821
824
811
772
776
802
814
824
813
826
826
797
798
796
816
828
827
823
844
811
838
833
792
755
788
813
838
819
772
791
770
798
818
815
813
818
798
768
777
802
811
835
848
878
892
895
898
875
833
835
831
828
794
809
783
813
842
862
875
877
885
880
860
867
873
847
831
857
883
896
917
878
878
850
847
851
849
832
852
841
781
779
792
778
782
828
875
838
861
873
866
856
819
829
844
851
848
848
841
857
851
869
887
904
881
800
828
847
872
813
809
813
786
806
832
841
858
864
866
847
824
841
868
853
859
888
888
886
868
865
861
876
872
876
868
845
843
862
879
887
901
876
872
861
850
861
875
875
815
830
847
840
813
846
863
882
905
898
904
876
853
854
859
866
848
868
881
906
894
885
901
900
909
886
881
820
836
832
844
844
795
787
815
848
877
903
930
926
903
861
882
873
891
870
886
882
929
934
921
944
979
986
966
967
944
958
930
905
897
920
956
973
969
951
927
910
875
895
911
923
885
914
936
945
889
879
898
912
902
865
861
872
874
885
844
855
858
869
851
813
796
810
847
881
876
896
896
894
872
895
901
889
854
897
907
919
901
844
829
815
845
878
847
805
802
816
841
867
874
850
779
771
787
801
806
800
808
798
804
755
754
745
732
718
743
763
784
790
768
782
820
838
823
819
804
813
799
837
834
804
864
900
932
944
884
905
920
918
870
883
886
903
930
919
922
930
929
880
838
857
897
920
935
935
922
878
855
884
896
879
889
900
827
848
873
906
900
826
843
884
912
915
896
863
876
890
891
876
835
873
875
901
923
936
912
879
907
911
927
942
966
949
955
947
938
916
868
893
886
887
821
821
862
924
946
947
942
938
945
943
899
840
861
893
919
890
894
898
881
849
813
821
799
819
861
837
861
866
849
829
813
767
734
743
788
859
893
908
925
911
881
922
927
892
903
901
885
847
850
851
844
838
819
804
818
830
791
770
788
815
842
853
886
883
860
842
858
848
843
835
844
823
791
794
795
802
766
772
795
833
830
847
847
863
837
796
797
823
856
845
789
754
751
818
851
884
883
891
865
896
911
893
826
734
763
931
920
837
825
838
800
773
824
858
859
813
774
794
812
813
750
755
759
737
774
848
850
794
855
887
910
883
840
868
875
892
917
913
905
896
896
891
895
916
855
845
865
904
917
917
921
859
876
866
839
871
866
861
832
828
845
864
873
881
876
870
891
910
921
905
923
939
937
912
870
881
888
899
918
908
885
895
878
813
827
836
833
880
895
924
918
884
885
849
853
865
872
843
872
860
868
898
928
950
957
965
940
920
887
889
896
893
897
886
875
910
869
812
781
816
938
1024
1009
977
927
917
930
924
923
898
881
872
876
893
888
824
783
785
849
815
813
857
900
913
921
869
829
827
831
826
828
808
832
835
851
873
897
897
903
909
863
854
874
882
879
873
849
847
838
840
858
876
876
891
897
889
847
856
859
851
833
834
865
913
926
894
904
839
840
841
852
853
827
799
757
774
750
794
841
847
867
871
847
839
861
851
826
813
849
862
900
882
875
914
860
879
902
896
868
869
888
889
886
898
896
878
891
900
933
965
947
930
917
910
871
878
880
889
871
894
918
941
940
905
906
856
808
828
869
885
840
837
856
882
890
908
897
853
841
832
834
868
906
921
921
943
956
935
877
874
851
855
850
834
824
865
881
902
893
905
897
851
836
825
815
779
813
839
835
836
824
836
848
829
822
836
844
835
815
831
835
849
845
818
811
828
859
862
844
794
815
853
852
873
871
866
860
848
861
861
870
867
864
864
845
828
834
813
770
805
805
779
818
817
809
786
812
819
823
794
818
819
834
832
860
842
849
837
815
827
823
793
798
811
556
255
807
829
842
837
817
817
814
809
783
785
786
805
793
796
812
820
804
792
792
768
721
722
746
800
812
845
853
821
825
835
842
849
833
837
856
864
865
873
868
881
894
874
877
854
822
847
863
871
841
873
890
897
895
894
854
810
814
829
832
824
826
803
807
835
863
912
899
896
908
908
891
881
870
860
840
818
832
867
893
874
884
892
899
892
889
874
854
888
878
874
861
833
840
798
758
738
720
773
899
972
985
1006
1003
992
962
938
916
872
844
848
905
948
949
911
903
915
917
900
881
881
869
844
866
880
896
853
875
892
881
836
860
857
855
866
866
848
873
894
887
867
882
875
838
863
870
869
870
882
840
883
883
892
920
884
910
918
906
867
839
793
776
777
813
863
888
903
870
885
892
885
844
870
877
879
865
917
942
938
917
934
923
853
882
892
909
900
882
907
890
879
889
868
889
897
877
888
878
867
831
829
851
866
859
874
923
939
945
950
939
919
910
904
894
893
879
865
866
888
913
928
923
918
891
887
888
905
887
856
877
903
916
887
917
928
928
892
913
902
867
828
844
865
840
825
856
865
879
873
891
892
871
862
1643
828
835
838
788
781
781
810
796
770
812
800
810
854
887
893
859
860
807
800
803
831
847
859
899
907
749
974
506
265
756
760
812
852
910
934
945
940
895
872
879
859
865
865
820
872
900
883
903
911
926
910
906
895
897
887
877
889
891
900
919
923
914
896
912
902
888
842
867
869
847
846
868
900
875
893
908
895
836
807
817
791
838
864
871
846
862
894
911
895
864
897
898
890
869
903
898
833
853
858
868
861
899
923
944
936
930
909
906
875
898
922
919
889
914
931
896
879
878
870
846
845
857
837
856
872
857
829
862
887
903
898
874
893
888
890
905
900
878
889
882
846
866
876
895
911
939
963
979
946
945
958
939
934
897
896
912
908
871
905
928
955
961
963
954
951
890
892
894
891
867
883
932
935
942
938
888
857
842
820
815
776
751
775
783
813
838
786
832
856
882
877
888
913
902
852
869
846
819
817
857
885
906
885
878
899
903
885
849
864
870
863
823
844
823
799
811
816
797
780
805
825
808
833
846
862
856
834
850
851
862
842
813
820
820
820
806
848
863
882
893
876
854
854
841
815
804
820
843
852
829
863
860
782
955
868
882
881
856
876
890
877
858
878
879
888
878
880
1758
854
879
890
860
271
563
862
863
824
861
865
858
891
884
865
887
890
881
753
955
813
786
822
848
875
839
846
862
884
860
840
877
885
893
897
917
913
862
901
897
923
909
880
912
913
921
885
912
912
901
852
881
876
407
486
887
848
889
884
888
866
891
871
823
854
877
889
872
848
886
902
901
875
875
878
814
849
903
914
912
861
880
886
859
799
790
813
831
843
858
866
863
864
842
873
894
904
919
926
911
931
940
909
924
920
896
940
962
975
980
950
903
907
490
385
891
885
881
840
822
855
890
872
910
972
981
938
966
930
854
804
825
865
902
919
889
905
874
846
617
891
1108
817
815
823
804
794
790
799
808
830
856
875
896
906
881
854
858
829
814
761
778
798
858
859
823
875
892
889
873
865
854
834
830
630
926
819
841
850
816
830
845
865
1685
1591
786
810
846
865
822
862
881
869
837
846
859
857
852
823
867
896
941
954
958
940
955
951
921
879
848
845
811
779
850
955
937
927
968
958
871
881
895
896
894
869
843
775
797
808
814
850
874
903
913
898
896
915
915
910
899
880
844
851
847
865
869
883
884
859
886
371
478
797
787
841
889
902
879
857
834
809
795
787
807
803
772
811
824
849
879
884
863
865
881
865
852
815
1647
777
781
829
881
915
928
923
933
918
710
1025
862
866
422
459
827
786
813
846
844
779
811
852
879
883
868
802
743
743
768
867
939
966
980
998
990
900
838
889
898
822
797
838
842
852
832
833
909
909
844
782
766
783
811
839
855
855
840
820
813
811
785
827
854
862
891
929
935
899
872
896
898
895
887
866
838
869
885
908
895
818
796
834
895
887
899
919
906
896
851
848
827
792
766
777
775
792
835
846
895
900
895
846
844
864
886
911
917
899
815
838
844
888
894
894
896
897
885
886
848
801
801
811
845
882
1771
826
858
882
1775
563
336
368
469
848
831
800
755
764
792
772
785
825
871
404
496
900
895
862
778
783
804
835
885
901
912
921
891
855
854
845
847
814
823
857
839
879
1779
827
1699
878
850
819
832
847
859
877
890
887
861
879
875
385
484
849
813
785
818
834
866
450
445
839
874
915
892
818
813
814
839
871
856
859
371
502
850
771
761
769
795
805
800
800
785
782
763
783
814
815
702
973
846
861
854
861
868
897
898
884
848
856
848
822
817
807
776
811
818
812
810
848
868
862
853
834
820
802
805
798
783
780
783
801
771
768
784
783
809
818
803
805
828
838
842
826
829
818
776
802
837
525
313
796
803
828
825
816
804
802
802
780
782
813
844
877
901
877
869
876
868
865
838
820
843
867
850
820
843
851
854
849
826
854
841
803
798
1074
538
1525
733
753
797
833
838
844
850
850
839
814
814
824
836
849
556
287
848
833
846
848
865
877
860
825
840
861
861
872
853
819
820
816
813
775
745
739
762
468
341
832
840
839
835
810
809
814
809
775
797
831
872
890
859
861
901
902
894
892
884
897
879
836
787
780
792
1567
836
884
879
862
889
896
874
848
874
905
922
899
926
938
920
920
938
945
956
946
900
858
861
865
885
905
885
911
945
959
918
917
900
871
825
838
854
874
875
881
897
915
935
931
885
888
882
879
860
822
852
838
813
852
878
900
920
914
886
905
896
910
921
942
920
867
888
916
897
930
946
941
876
854
894
888
849
886
897
896
868
822
845
868
887
900
1710
827
799
830
856
860
871
876
881
880
815
845
894
629
286
944
916
883
914
947
953
957
945
896
892
891
879
843
812
848
884
924
924
924
922
900
840
869
884
376
524
903
888
830
882
904
921
869
812
818
476
305
801
794
805
826
850
860
847
854
850
842
822
798
768
773
764
793
841
861
866
809
821
872
911
913
885
881
884
896
896
880
896
896
890
851
815
839
885
914
921
892
917
913
904
825
763
745
775
832
826
820
878
873
839
881
1685
845
854
840
816
826
842
842
838
839
810
818
819
818
841
870
895
893
875
844
860
878
895
874
925
920
900
876
788
760
775
822
912
953
975
967
947
948
950
940
931
909
886
888
834
876
927
935
906
942
909
966
771
392
666
895
888
867
863
851
808
782
817
874
911
916
937
926
917
899
900
883
866
864
890
927
946
934
888
678
980
875
925
924
913
918
925
934
941
918
896
916
906
903
843
823
885
936
960
968
892
876
917
921
920
879
890
909
926
937
933
947
942
857
884
915
946
939
955
939
908
897
893
896
904
895
873
890
883
836
871
893
891
884
852
864
859
872
901
889
795
814
852
879
855
844
873
905
913
920
926
921
913
877
892
892
909
922
927
933
922
892
914
888
805
766
777
816
906
955
960
976
957
954
940
924
901
897
895
871
866
877
908
931
944
950
914
921
931
927
898
916
928
941
937
916
911
900
903
897
870
873
874
877
841
853
900
931
953
965
930
938
950
951
950
915
842
853
874
892
900
916
929
906
921
918
887
637
955
782
829
923
979
991
999
993
977
944
919
895
892
635
1014
784
811
832
838
899
940
951
939
873
884
838
824
836
867
892
910
924
931
935
897
864
896
922
951
961
962
929
897
925
913
881
791
258
534
822
898
979
1003
1001
980
972
960
943
927
927
938
941
937
950
938
907
924
937
941
751
1055
895
938
960
970
957
901
926
935
944
950
967
944
948
939
900
871
910
930
943
954
892
834
855
873
881
896
901
902
911
918
908
915
947
960
959
954
954
936
884
914
935
903
826
835
830
825
871
859
857
900
919
912
889
855
782
773
785
825
873
911
893
945
966
989
982
960
970
954
914
884
897
914
933
957
940
966
979
972
961
950
911
920
915
922
912
866
864
910
955
975
986
960
957
964
969
949
893
886
912
924
912
859
859
840
831
892
921
943
947
930
882
897
904
928
910
853
917
951
981
996
947
972
968
959
924
881
905
908
926
952
897
924
954
952
955
914
819
853
903
954
975
984
958
939
885
908
885
873
879
902
919
924
1803
886
907
933
947
953
940
892
919
933
942
904
873
910
939
979
987
970
979
988
988
969
903
913
911
927
908
851
771
778
855
898
869
914
943
964
967
958
941
919
864
851
828
829
831
846
866
869
548
347
905
875
845
873
880
894
922
938
934
935
934
935
901
920
929
948
390
526
903
935
952
958
928
932
958
945
493
444
930
943
932
924
910
930
943
587
347
906
947
940
658
273
924
932
924
877
873
867
863
354
481
856
887
913
913
875
904
886
873
467
382
821
856
869
888
886
552
367
922
936
923
942
951
924
846
775
809
807
823
896
895
854
898
929
936
936
890
898
901
911
897
879
870
902
928
944
948
935
917
935
949
953
929
968
885
875
936
924
918
837
857
854
836
836
820
825
840
812
838
836
841
841
884
899
894
905
899
824
862
905
922
924
931
910
911
912
896
853
884
889
912
918
862
798
762
747
714
712
701
690
683
676
680
685
673
661
646
636
628
626
638
660
662
706
1500
805
842
847
887
928
952
967
763
1119
926
263
303
364
902
838
834
842
827
596
1026
842
853
849
917
927
889
906
899
847
806
820
803
785
824
871
902
910
829
845
859
885
907
898
927
920
875
884
891
884
869
862
884
884
880
831
871
897
911
855
890
917
896
905
905
911
920
869
884
893
932
769
1068
912
913
926
912
902
916
912
889
891
896
879
847
881
877
864
882
1810
892
906
920
920
897
884
715
968
831
840
873
918
917
951
958
946
901
938
934
928
866
886
858
811
789
784
826
875
894
900
861
892
900
912
913
896
888
894
884
875
844
881
910
928
929
906
918
631
281
896
841
856
880
295
391
1094
856
894
917
934
943
943
938
933
923
872
879
882
873
813
766
768
611
1042
952
983
978
919
901
910
907
904
897
871
861
864
847
859
851
881
880
853
845
864
833
826
843
815
769
782
811
832
851
823
854
853
854
853
768
908
843
667
1004
796
813
851
855
862
845
868
858
834
848
838
853
822
808
824
828
832
842
862
848
853
1713
872
870
832
852
875
895
905
873
853
856
854
835
843
852
878
875
899
917
923
883
876
878
869
861
871
870
837
478
390
876
853
809
796
825
831
857
861
879
887
862
856
869
866
842
869
879
888
866
896
894
870
847
864
873
857
837
839
871
897
907
862
876
865
846
805
812
818
825
818
782
816
832
837
857
865
882
855
833
853
870
873
865
824
851
874
865
826
867
903
925
926
893
910
897
880
807
814
843
894
928
934
938
894
826
871
882
881
820
826
844
856
816
833
827
854
862
874
859
836
867
877
841
862
893
906
898
879
858
867
831
853
857
825
845
836
858
882
894
887
879
884
837
808
824
840
902
801
837
906
945
965
969
954
920
945
938
603
334
860
820
889
930
677
268
918
912
918
902
878
903
909
914
909
860
886
897
916
932
895
920
930
921
933
924
868
855
882
899
919
927
914
881
866
825
851
864
859
901
910
909
885
897
892
856
864
891
899
903
904
871
879
869
845
814
841
865
891
900
922
898
917
919
919
896
846
856
843
856
870
905
920
890
903
897
868
826
848
798
754
765
743
718
728
797
858
898
883
838
844
842
809
775
785
774
776
782
786
798
828
1714
803
850
881
874
819
802
822
845
856
850
830
802
802
830
863
873
876
849
854
884
899
911
877
845
877
880
902
922
884
908
906
895
834
842
854
897
889
925
936
942
898
938
963
969
958
868
804
813
846
914
978
970
969
976
957
945
934
910
847
834
830
819
827
799
830
814
766
838
866
849
883
914
940
952
843
814
829
824
778
787
838
859
863
815
860
842
785
852
894
854
771
829
873
906
912
885
884
867
870
843
813
877
894
930
935
910
839
790
801
835
881
921
938
938
934
936
895
825
836
820
838
851
869
861
843
824
832
839
841
843
837
818
826
834
802
763
802
815
849
889
890
879
837
802
818
831
845
857
869
872
861
843
860
887
889
891
863
890
887
857
814
815
833
862
895
898
875
844
856
876
898
905
870
854
857
862
879
895
905
902
878
916
930
928
896
837
832
804
828
855
862
876
834
860
884
905
918
919
880
910
927
927
914
872
841
860
889
910
923
909
915
911
901
893
846
873
881
878
878
861
871
820
834
832
845
833
806
838
846
858
856
821
838
832
833
810
772
763
748
758
804
852
916
939
917
854
842
816
801
756
729
715
689
665
667
677
419
277
671
661
688
757
790
834
837
853
845
841
841
823
774
748
756
792
846
883
896
892
881
879
889
877
854
894
906
928
908
845
890
910
926
852
816
862
909
939
932
912
869
878
857
843
835
849
862
860
862
865
820
808
823
848
876
896
886
926
942
945
933
922
883
911
929
950
952
905
882
910
918
940
899
904
901
884
934
953
956
922
880
889
898
896
882
853
882
899
910
923
885
896
917
888
807
757
747
748
782
860
830
796
813
818
819
810
800
771
789
801
822
863
877
834
858
869
874
851
852
892
909
913
914
916
900
888
872
843
864
869
896
897
875
880
884
899
913
908
896
883
858
809
803
826
883
897
894
955
991
986
978
943
948
928
903
866
884
890
894
864
865
886
908
895
915
918
936
906
880
898
900
895
857
826
786
805
786
790
834
864
871
834
874
890
901
886
836
803
825
844
862
861
854
878
863
828
801
832
854
863
859
849
849
851
837
853
867
873
865
825
857
862
841
876
864
860
845
854
866
851
884
875
859
850
872
870
853
841
845
849
827
838
844
818
846
868
862
844
866
864
855
815
830
825
840
819
804
836
868
891
896
866
882
888
885
862
865
868
867
872
841
864
882
881
865
879
884
891
850
854
854
858
857
863
876
899
899
858
879
883
854
849
876
872
877
832
820
818
812
788
767
795
768
752
760
778
825
859
878
872
837
846
844
839
788
797
809
813
834
831
877
908
921
898
912
919
941
923
853
873
871
896
905
843
787
809
887
961
980
988
974
964
963
936
878
869
858
860
843
857
866
864
893
920
946
936
899
935
946
938
901
907
905
918
908
912
861
888
929
927
927
894
909
908
882
837
861
861
859
844
796
789
803
835
797
784
809
808
782
806
820
825
826
840
850
835
826
843
883
897
887
827
850
860
873
881
865
888
894
898
885
875
905
916
927
941
920
894
896
901
911
875
881
886
892
855
880
913
918
885
879
896
903
875
890
888
865
819
787
803
821
852
834
811
811
816
817
817
848
807
855
860
804
772
778
796
802
804
792
763
775
799
800
767
796
820
852
868
845
854
885
913
929
883
808
797
843
919
960
957
947
929
916
922
920
939
948
954
966
938
829
833
844
851
880
894
878
889
914
914
888
877
874
816
812
834
857
870
852
859
857
855
821
824
847
866
881
895
871
879
889
857
816
829
829
833
813
782
800
819
835
862
845
854
843
855
863
867
844
813
832
861
892
888
869
892
896
883
879
856
813
823
823
798
799
852
877
890
872
879
885
892
879
854
864
870
850
831
883
926
894
849
880
865
806
798
826
847
867
875
844
852
857
858
864
843
831
836
854
841
865
892
897
872
837
876
880
854
830
850
854
868
883
866
884
888
854
875
902
918
932
938
905
906
916
892
866
857
888
908
915
883
894
883
853
857
859
806
765
749
765
791
848
889
903
897
905
902
886
866
806
824
832
875
891
903
902
915
905
893
907
903
888
885
858
871
835
799
810
842
847
884
915
909
871
854
851
840
812
830
843
887
906
852
890
883
907
903
860
889
908
914
896
864
887
893
884
845
866
862
867
871
870
894
903
913
894
889
896
896
854
833
834
819
800
772
763
768
749
749
747
748
752
740
752
749
759
757
737
741
740
712
721
738
771
779
772
778
795
809
848
849
809
808
792
785
782
763
780
797
830
862
870
911
920
895
929
903
865
848
849
867
870
871
892
916
881
932
956
925
891
917
913
885
868
864
807
794
804
800
802
857
876
887
864
871
859
826
768
754
771
813
872
884
839
778
774
795
833
831
875
909
924
913
887
857
826
782
741
744
771
830
872
900
892
880
832
822
836
870
897
897
888
889
854
869
877
813
808
826
845
857
856
815
768
794
814
841
865
857
841
807
769
752
747
751
760
772
794
749
786
806
820
786
797
817
820
826
819
803
753
762
758
771
796
818
821
803
795
837
883
901
892
900
839
797
833
833
829
819
832
850
851
843
814
838
832
802
823
849
849
845
873
860
866
896
899
865
833
814
824
804
824
811
816
821
823
396
429
814
804
822
826
809
825
835
839
813
758
789
834
867
885
886
874
820
779
795
804
815
828
859
833
876
906
912
902
861
807
827
834
818
826
820
804
823
832
849
859
862
853
798
784
813
852
886
900
890
893
869
811
819
801
797
775
792
787
788
805
822
826
821
817
787
783
779
786
805
765
746
779
826
870
906
927
925
902
860
827
784
777
773
771
775
757
766
775
783
757
787
802
810
799
812
804
788
754
757
748
737
873
844
668
1169
790
460
1988
866
843
707
967
785
810
806
818
813
771
771
796
816
828
830
811
762
770
793
835
858
862
854
838
852
868
844
909
863
867
841
854
828
812
840
848
826
791
805
791
784
774
764
750
739
718
712
690
709
724
756
794
806
812
811
812
765
742
753
771
782
798
789
812
809
791
823
271
596
867
885
898
896
893
864
862
861
893
889
891
832
851
849
880
872
860
809
826
829
826
813
795
811
777
792
809
813
835
850
831
1634
790
778
773
720
711
541
427
761
3282
2277
719
778
756
1075
995
993
982
449
510
952
870
845
862
860
856
842
813
811
781
754
567
936
731
802
853
848
864
885
856
841
812
842
848
843
848
829
775
786
807
815
838
861
850
829
846
852
851
801
813
800
785
777
813
848
866
816
797
834
855
858
862
851
811
828
830
819
858
850
879
847
811
857
894
904
905
874
837
781
791
783
785
793
810
787
801
841
813
862
877
867
831
847
850
838
828
818
784
771
776
794
841
865
854
841
789
525
267
824
866
813
779
809
822
836
836
814
779
804
809
812
813
825
825
836
843
838
827
860
861
875
871
859
775
803
812
840
848
810
842
862
881
864
889
865
877
884
888
857
829
806
752
761
780
826
866
817
824
822
838
840
887
892
874
848
818
771
783
775
775
778
779
787
786
762
769
802
845
865
854
846
812
838
891
925
900
896
932
938
913
859
803
834
836
831
867
865
867
878
865
325
578
896
900
874
847
808
804
793
793
790
779
735
740
777
858
911
934
909
845
840
847
821
808
757
734
756
793
643
1059
873
863
824
841
858
885
880
860
867
830
805
803
815
869
900
922
917
919
870
893
881
832
795
794
786
797
801
814
811
779
786
797
768
780
790
798
804
771
799
815
840
845
842
829
777
790
771
779
809
845
862
858
827
877
928
961
956
968
930
884
810
775
759
780
779
874
931
935
900
886
867
883
894
876
873
839
828
863
879
890
888
864
858
802
816
825
842
801
836
872
901
902
912
896
872
814
798
817
844
889
904
901
852
867
891
897
900
880
861
817
796
811
857
902
899
861
892
908
876
899
900
888
802
812
797
802
815
795
828
819
809
769
780
783
789
784
786
783
776
732
750
764
777
812
825
828
789
829
864
864
826
788
783
785
800
815
854
854
813
832
837
833
776
777
795
815
843
846
840
799
800
841
870
878
886
849
876
874
864
856
856
834
827
821
774
754
774
859
923
944
929
900
871
854
364
420
754
762
771
818
881
909
910
896
887
826
816
827
871
901
914
906
866
853
888
885
866
838
826
861
914
938
934
888
827
844
836
826
785
783
808
834
849
823
849
829
833
802
835
861
871
811
835
822
859
859
850
839
838
854
862
799
796
836
854
896
909
896
886
856
839
817
805
781
801
762
779
827
872
925
913
887
913
863
860
872
880
882
881
813
819
842
883
896
881
879
851
839
848
854
843
777
787
817
874
880
860
896
892
878
852
824
766
744
752
792
842
887
876
910
939
946
926
933
916
850
831
840
861
838
817
837
859
869
861
807
841
877
894
915
931
908
874
852
832
817
768
718
688
690
767
813
881
919
961
952
902
883
922
913
894
870
845
818
785
738
713
701
734
806
853
885
914
921
906
863
846
847
882
886
898
884
863
842
811
834
855
862
847
837
845
848
831
811
791
810
842
872
870
855
831
841
808
826
797
777
806
841
855
897
805
811
271
1339
805
1579
509
1026
777
756
766
798
831
837
832
843
806
831
831
821
810
791
775
766
737
722
725
763
823
879
864
909
941
944
948
929
916
900
887
882
880
863
840
810
810
779
795
839
859
881
868
864
855
847
845
825
798
762
720
732
752
785
797
806
807
765
780
784
758
730
739
741
747
770
789
807
816
826
838
839
844
839
840
847
838
811
842
868
904
935
959
964
954
937
857
790
744
723
742
813
780
820
868
909
921
915
907
902
865
805
775
769
745
745
759
755
729
713
748
763
807
827
850
870
884
887
881
885
851
779
745
758
827
817
814
804
770
757
722
769
796
808
815
825
828
803
766
752
773
784
802
758
770
800
845
822
841
854
860
851
829
824
782
736
730
778
878
910
959
946
950
929
893
888
873
813
774
744
762
778
793
799
623
986
770
765
772
759
793
835
850
853
831
784
765
767
798
843
885
899
913
904
863
799
806
825
871
904
938
936
947
956
953
906
907
858
867
875
872
855
796
790
814
833
834
890
940
952
933
896
875
844
805
810
807
785
798
846
907
882
882
917
917
886
866
871
859
830
828
844
841
826
834
855
829
824
798
769
792
812
780
789
801
818
848
853
842
868
865
879
877
859
842
873
878
860
838
807
813
825
824
797
825
848
854
876
875
871
867
850
847
824
807
830
835
736
952
894
890
833
858
887
859
848
866
872
878
849
862
868
878
884
882
879
873
842
855
877
899
905
865
823
847
851
868
835
807
837
883
889
886
890
878
845
875
887
870
861
865
841
858
874
877
856
882
872
813
819
809
819
827
785
800
780
808
840
869
876
845
786
797
816
822
819
820
813
774
749
754
773
785
755
792
774
787
814
831
837
834
810
778
780
812
844
863
855
902
919
911
917
907
902
890
855
883
889
882
881
868
816
815
825
857
885
849
836
826
819
846
825
768
753
776
776
832
835
842
854
855
891
850
887
876
879
863
848
872
823
844
874
889
897
887
891
877
860
847
833
776
739
731
765
831
831
845
906
914
920
918
927
897
858
863
868
876
888
895
901
894
887
868
846
874
887
867
851
898
896
895
889
910
916
914
873
871
890
874
894
892
838
854
896
917
919
918
914
871
878
876
839
847
871
914
828
853
880
815
835
844
858
841
783
789
793
800
782
786
819
818
841
887
893
899
926
937
930
919
896
885
824
824
858
888
888
835
843
867
858
856
831
827
812
836
866
876
860
906
918
933
937
942
939
914
854
848
826
788
773
803
801
816
673
498
474
647
1699
904
797
795
780
764
782
768
741
747
757
803
808
792
831
863
875
874
843
857
851
818
809
831
867
875
887
899
919
922
901
860
875
874
879
839
820
841
850
841
889
931
955
951
961
935
909
896
849
779
754
745
756
800
834
797
830
838
801
771
758
758
766
752
750
727
718
711
720
711
732
730
705
689
681
675
651
645
645
640
636
633
253
375
833
372
407
260
857
1963
295
558
1905
1586
464
1195
3812
654
499
1569
1253
564